0 0 490 180 1480 90 2500 150 3500 300 4500 250 5200 400 270 100 270 100 43 30 0 0 42 0 0 180 34 90 32 150 33 500 0 600 0 800 0 0 0 60
0 0 490 240 1480 90 2500 150 3500 300 4500 250 5200 400 270 100 270 100 52 30 0 0 57 0 0 240 43 90 36 150 35 500 0 600 0 800 0 0 0 60
0 0 490 270 1480 90 2500 150 3500 300 4500 250 5200 400 270 100 270 100 56 30 0 0 65 0 0 270 47 90 38 150 36 500 0 600 0 800 0 0 0 60
0 0 490 285 1480 90 2500 150 3500 300 4500 250 5200 400 270 100 270 100 58 30 0 0 68 0 0 285 49 90 39 150 36 500 0 600 0 800 0 0 0 60
0 0 494 289 1520 90 2500 150 3500 300 4500 250 5200 400 270 100 270 100 59 30 0 0 70 0 0 289 50 90 40 150 37 500 0 600 0 800 0 0 0 60
0 0 499 288 1580 90 2500 150 3500 300 4500 250 5200 400 270 100 270 100 59 30 0 0 70 0 0 288 52 90 42 150 38 500 0 600 0 800 0 0 0 60
0 0 505 284 1650 90 2500 150 3500 300 4500 250 5200 400 270 100 270 100 60 30 0 0 70 0 0 284 53 90 44 150 40 500 0 600 0 800 0 0 0 60
0 0 512 278 1725 90 2500 150 3500 300 4500 250 5200 400 270 100 270 100 60 30 0 0 70 0 0 278 53 90 45 150 41 500 0 600 0 800 0 0 0 60
0 0 519 272 1803 90 2500 150 3500 300 4500 250 5200 400 270 100 270 100 60 30 0 0 70 0 0 272 54 90 47 150 42 500 0 600 0 800 0 0 0 60
0 0 526 265 1881 90 2500 150 3500 300 4500 250 5200 400 270 100 270 100 60 30 0 0 70 0 0 265 55 90 49 150 43 500 0 600 0 800 0 0 0 60
1531 31 533 163 1961 90 2500 150 3500 300 4500 250 5200 400 270 100 270 100 43 28 0 0 42 0 0 163 56 90 50 150 45 500 0 600 0 800 0 0 0 60
1525 47 536 111 2000 90 2500 150 3500 300 4500 250 5200 400 270 100 270 100 34 28 0 0 27 0 0 111 57 90 51 150 45 500 0 600 0 800 0 0 0 60
1519 54 538 86 2020 90 2500 150 3500 300 4500 250 5200 400 270 100 270 100 30 29 0 0 19 0 0 86 57 90 52 150 46 500 0 600 0 800 0 0 0 60
1512 58 536 73 2007 90 2500 150 3500 300 4500 250 5200 400 270 100 270 100 28 29 0 0 16 0 0 73 57 90 52 150 46 500 0 600 0 800 0 0 0 60
1506 60 531 66 1977 90 2500 150 3500 300 4500 250 5200 400 270 100 270 100 27 29 0 0 14 0 0 66 57 90 52 150 46 500 0 600 0 800 0 0 0 60
1500 61 526 63 1938 90 2500 150 3500 300 4500 250 5200 400 270 100 270 100 27 29 0 0 13 0 0 63 57 90 52 150 46 500 0 600 0 800 0 0 0 60
1494 62 519 62 1896 90 2500 150 3500 300 4500 250 5200 400 270 100 270 100 0 29 0 0 0 0 0 62 57 90 52 150 46 500 0 600 0 800 0 0 0 60
1488 62 513 61 1851 90 2500 150 3500 300 4500 250 5200 400 270 100 270 100 0 29 0 0 0 0 0 61 57 90 52 150 46 500 0 600 0 800 0 0 0 60
1481 57 487 60 1666 90 2500 150 3500 300 4500 250 5200 400 270 100 270 100 0 29 0 0 0 0 0 60 49 90 46 150 40 500 0 600 0 800 0 0 0 60
1475 54 473 60 1573 90 2500 150 3500 300 4500 250 5200 400 270 100 270 100 0 29 0 0 0 0 0 60 45 90 43 150 38 500 0 600 0 800 0 0 0 60
1469 53 467 60 1526 90 2500 150 3500 300 4500 250 5200 400 270 100 270 100 0 30 0 0 0 0 0 60 43 90 41 150 36 500 0 600 0 800 0 0 0 60
1463 53 463 60 1503 90 2500 150 3500 300 4500 250 5200 400 270 100 270 100 0 30 0 0 0 0 0 60 42 90 41 150 36 500 0 600 0 800 0 0 0 60
1457 52 462 60 1492 90 2500 150 3500 300 4500 250 5200 400 270 100 270 100 0 30 0 0 0 0 0 60 41 90 40 150 35 500 0 600 0 800 0 0 0 60
1450 52 461 60 1486 90 2500 150 3500 300 4500 250 5200 400 270 100 270 100 0 30 0 0 0 0 0 60 41 90 40 150 35 500 0 600 0 800 0 0 0 60
1444 52 460 60 1483 90 2500 150 3500 300 4500 250 5200 400 270 100 270 100 0 30 0 0 0 0 0 60 41 90 40 150 35 500 0 600 0 800 0 0 0 60
1438 52 460 60 1481 90 2500 150 3500 300 4500 250 5200 400 270 100 270 100 0 30 0 0 0 0 0 60 41 90 40 150 35 500 0 600 0 800 0 0 0 60
1458 57 468 60 1481 90 2500 150 3500 300 4500 250 5200 400 270 100 270 100 0 30 0 0 0 0 0 60 53 90 44 150 38 500 0 600 0 800 0 0 0 60
1456 60 473 60 1480 90 2500 150 3500 300 4500 250 5200 400 270 100 270 100 0 30 0 0 0 0 0 60 59 90 45 150 39 500 0 600 0 800 0 0 0 60
1454 61 478 60 1480 90 2500 150 3500 300 4500 250 5200 400 270 100 270 100 0 30 0 0 0 0 0 60 62 90 46 150 39 500 0 600 0 800 0 0 0 60
1452 61 479 60 1470 90 2500 150 3500 300 4500 250 5200 400 270 100 270 100 0 30 0 0 0 0 0 60 63 90 46 150 40 500 0 600 0 800 0 0 0 60
1449 62 477 60 1447 90 2500 150 3500 300 4500 250 5200 400 270 100 270 100 0 30 0 0 0 0 0 60 63 90 46 150 39 500 0 600 0 800 0 0 0 60
1447 62 470 60 1412 90 2500 150 3500 300 4500 250 5200 400 270 100 270 100 0 30 0 0 0 0 0 60 63 90 46 150 39 500 0 600 0 800 0 0 0 60
1445 62 460 60 1364 90 2500 150 3500 300 4500 250 5200 400 270 100 270 100 0 30 0 0 0 0 0 60 62 90 45 150 39 500 0 600 0 800 0 0 0 60
1443 62 445 60 1302 90 2500 150 3500 300 4500 250 5200 400 270 100 270 100 0 30 0 0 0 0 0 60 62 90 45 150 39 500 0 600 0 800 0 0 0 60
1440 62 427 60 1231 90 2500 150 3500 300 4500 250 5200 400 270 100 270 100 0 30 0 0 0 0 0 60 61 90 44 150 38 500 0 600 0 800 0 0 0 60
1438 62 411 60 1163 90 2500 150 3500 300 4500 250 5200 400 270 100 270 100 0 30 0 0 0 0 0 60 60 90 44 150 38 500 0 600 0 800 0 0 0 60
1436 62 396 60 1106 90 2500 150 3500 300 4500 250 5200 400 270 100 270 100 0 30 0 0 0 0 0 60 59 90 43 150 38 500 0 600 0 800 0 0 0 60
1434 62 385 60 1061 90 2500 150 3500 300 4500 250 5200 400 270 100 270 100 0 30 0 0 0 0 0 60 58 90 43 150 37 500 0 600 0 800 0 0 0 60
1431 62 378 60 1030 90 2500 150 3500 300 4500 250 5200 400 270 100 270 100 0 30 0 0 0 0 0 60 57 90 42 150 37 500 0 600 0 800 0 0 0 60
1429 31 374 60 1015 90 2500 150 3500 300 4500 250 5200 400 270 100 270 100 0 30 0 0 0 0 0 60 37 90 33 150 33 500 0 600 0 800 0 0 0 60
1427 15 392 60 1088 90 2500 150 3500 300 4500 250 5200 400 270 100 270 100 0 30 0 0 0 0 0 60 27 90 29 150 30 500 0 600 0 800 0 0 0 60
1425 8 421 60 1204 90 2500 150 3500 300 4500 250 5200 400 270 100 270 100 0 30 0 0 0 0 0 60 22 90 26 150 29 500 0 600 0 800 0 0 0 60
1422 4 455 60 1342 90 2500 150 3500 300 4500 250 5200 400 270 100 270 100 0 31 0 0 0 0 0 60 20 90 25 150 29 500 0 600 0 800 0 0 0 60
1420 2 473 60 1411 90 2500 150 3500 300 4500 250 5200 400 270 100 270 100 0 31 0 0 0 0 0 60 18 90 25 150 0 500 0 600 0 800 0 0 0 60
1418 1 481 60 1445 90 2500 150 3500 300 4500 250 5200 400 270 100 270 100 0 31 0 0 0 0 0 60 18 90 0 150 0 500 0 600 0 800 0 0 0 60
0 0 486 60 1463 90 2500 150 3500 300 4500 250 5200 400 270 100 270 100 0 30 0 0 0 0 0 60 0 90 0 150 0 500 0 600 0 800 0 0 0 60
0 0 488 60 1471 90 2500 150 3500 300 4500 250 5200 400 270 100 270 100 0 30 0 0 0 0 0 60 0 90 0 150 0 500 0 600 0 800 0 0 0 60
0 0 489 60 1476 90 2500 150 3500 300 4500 250 5200 400 270 100 270 100 0 30 0 0 0 0 0 60 0 90 0 150 0 500 0 600 0 800 0 0 0 60
0 0 489 60 1478 90 2500 150 3500 300 4500 250 5200 400 270 100 270 100 0 30 0 0 0 0 0 60 0 90 0 150 0 500 0 600 0 800 0 0 0 60
0 0 490 60 1479 90 2500 150 3500 300 4500 250 5200 400 270 100 270 100 0 30 0 0 0 0 0 60 0 90 0 150 0 500 0 600 0 800 0 0 0 60
0 0 490 60 1479 90 2500 150 3500 300 4500 250 5200 400 270 100 270 100 0 30 0 0 0 0 0 60 0 90 0 150 0 500 0 600 0 800 0 0 0 60
1463 25 385 60 1540 90 2530 150 3500 300 4500 250 5200 400 270 100 270 100 0 30 0 0 0 0 0 60 32 90 32 150 35 500 0 600 0 800 0 0 0 60
1462 37 333 60 1570 90 2545 150 3500 300 4500 250 5200 400 270 100 270 100 0 30 0 0 0 0 0 60 39 90 36 150 39 500 0 600 0 800 0 0 0 60
1461 43 306 60 1585 90 2553 150 3500 300 4500 250 5200 400 270 100 270 100 0 30 0 0 0 0 0 60 42 90 38 150 40 500 0 600 0 800 0 0 0 60
1459 46 304 60 1655 90 2541 150 3500 300 4500 250 5200 400 270 100 270 100 0 30 0 0 0 0 0 60 44 90 39 150 41 500 0 600 0 800 0 0 0 60
1538 54 315 60 1753 90 2521 150 3500 300 4500 250 5200 400 270 100 270 100 0 28 0 0 0 0 0 60 48 90 44 150 43 500 0 600 0 800 0 0 0 60
1534 58 327 60 1843 90 2510 150 3500 300 4500 250 5200 400 270 100 270 100 0 28 0 0 0 0 0 60 49 90 47 150 43 500 0 600 0 800 0 0 0 60
1530 60 341 60 1930 90 2505 150 3500 300 4500 250 5200 400 270 100 270 100 0 28 0 0 0 0 0 60 50 90 48 150 44 500 0 600 0 800 0 0 0 60
1525 61 356 60 2015 90 2503 150 3500 300 4500 250 5200 400 270 100 270 100 0 28 0 0 0 0 0 60 51 90 48 150 44 500 0 600 0 800 0 0 0 60
1521 61 363 60 2057 90 2501 150 3500 300 4500 250 5200 400 270 100 270 100 0 28 0 0 0 0 0 60 51 90 49 150 44 500 0 600 0 800 0 0 0 60
1517 62 366 60 2079 90 2501 150 3500 300 4500 250 5200 400 270 100 270 100 0 29 0 0 0 0 0 60 51 90 49 150 44 500 0 600 0 800 0 0 0 60
1512 62 371 72 2058 91 2500 150 3500 300 4500 250 5200 400 270 100 270 100 0 29 0 0 0 0 0 72 51 91 49 150 44 500 0 600 0 800 0 0 0 60
1508 62 375 89 2016 91 2500 150 3500 300 4500 250 5200 400 270 100 270 100 0 29 0 0 0 0 0 89 51 91 49 150 44 500 0 600 0 800 0 0 0 60
1504 31 380 110 1963 92 2500 150 3500 300 4500 250 5200 400 270 100 270 100 29 29 0 0 42 0 0 110 47 92 45 150 49 500 0 600 0 800 0 0 0 60
1500 15 386 137 1889 93 2530 168 3500 300 4500 250 5200 400 270 100 270 100 31 29 0 0 57 0 0 137 45 93 44 168 51 500 0 600 0 800 0 0 0 60
1495 8 393 169 1804 95 2575 194 3500 300 4500 250 5200 400 270 100 270 100 31 29 0 0 65 0 0 169 44 95 43 194 53 500 0 600 0 800 0 0 0 60
1491 4 397 184 1762 95 2598 207 3500 300 4500 250 5200 400 270 100 270 100 32 29 0 0 68 0 0 184 43 95 42 207 53 500 0 600 0 800 0 0 0 60
1487 2 398 192 1741 96 2609 213 3500 300 4500 250 5200 400 270 100 270 100 32 29 0 0 70 0 0 192 43 96 42 213 54 500 0 600 0 800 0 0 0 60
1483 1 399 196 1731 96 2614 217 3500 300 4500 250 5200 400 270 100 270 100 32 29 0 0 70 0 0 196 43 96 42 217 54 500 0 600 0 800 0 0 0 60
0 0 400 198 1725 96 2617 218 3500 300 4500 250 5200 400 270 100 270 100 32 30 0 0 70 0 0 198 43 96 42 218 54 500 0 600 0 800 0 0 0 60
0 0 400 199 1723 96 2619 219 3500 300 4500 250 5200 400 270 100 270 100 32 30 0 0 70 0 0 199 43 96 42 219 54 500 0 600 0 800 0 0 0 60
0 0 400 200 1721 96 2619 220 3500 300 4500 250 5200 400 270 100 270 100 32 30 0 0 70 0 0 200 43 96 42 220 54 500 0 600 0 800 0 0 0 60
0 0 400 200 1721 96 2620 220 3500 300 4500 250 5200 400 270 100 270 100 32 30 0 0 70 0 0 200 43 96 42 220 54 500 0 600 0 800 0 0 0 60
0 0 400 200 1720 96 2620 220 3500 300 4500 250 5200 400 270 100 270 100 32 30 0 0 70 0 0 200 43 96 42 220 54 500 0 600 0 800 0 0 0 60
0 0 400 200 1720 96 2620 220 3500 300 4500 250 5200 400 270 100 270 100 32 30 0 0 70 0 0 200 43 96 42 220 54 500 0 600 0 800 0 0 0 60
0 0 400 200 1720 96 2620 220 3500 300 4500 250 5200 400 270 100 270 100 29 30 0 0 42 0 0 200 30 96 33 220 41 500 0 600 0 800 0 0 0 60
0 0 415 177 1680 95 2600 208 3500 300 4500 250 5200 400 270 100 270 100 27 30 0 0 27 0 0 177 24 95 29 208 34 500 0 600 0 800 0 0 0 60
0 0 437 142 1620 93 2570 191 3500 300 4500 250 5200 400 270 100 270 100 27 30 0 0 19 0 0 142 20 93 26 191 31 500 0 600 0 800 0 0 0 60
0 0 464 101 1550 92 2535 170 3500 300 4500 250 5200 400 270 100 270 100 0 30 0 0 16 0 0 101 19 92 25 170 30 500 0 600 0 800 0 0 0 60
0 0 457 80 1618 91 2517 160 3500 300 4500 250 5200 400 270 100 270 100 0 30 0 0 14 0 0 80 18 91 25 160 29 500 0 600 0 800 0 0 0 60
0 0 433 70 1756 90 2509 155 3500 300 4500 250 5200 400 270 100 270 100 0 30 0 0 13 0 0 70 0 90 0 155 0 500 0 600 0 800 0 0 0 60
1507 31 402 65 1928 90 2504 153 3500 300 4500 250 5200 400 270 100 270 100 0 29 0 0 0 0 0 65 34 90 37 153 36 500 0 600 0 800 0 0 0 60
1502 47 386 63 2014 90 2502 151 3500 300 4500 250 5200 400 270 100 270 100 0 29 0 0 0 0 0 63 43 90 43 151 40 500 0 600 0 800 0 0 0 60
1497 54 378 61 2057 90 2501 151 3500 300 4500 250 5200 400 270 100 270 100 0 29 0 0 0 0 0 61 47 90 46 151 42 500 0 600 0 800 0 0 0 60
1492 58 374 61 2078 90 2501 150 3500 300 4500 250 5200 400 270 100 270 100 0 29 0 0 0 0 0 61 49 90 47 150 43 500 0 600 0 800 0 0 0 60
1488 60 372 60 2089 90 2500 150 3500 300 4500 250 5200 400 270 100 270 100 0 29 0 0 0 0 0 60 50 90 48 150 44 500 0 600 0 800 0 0 0 60
1483 61 371 60 2095 90 2500 150 3500 300 4500 250 5200 400 270 100 270 100 0 29 0 0 0 0 0 60 50 90 49 150 44 500 0 600 0 800 0 0 0 60
1478 62 363 60 2066 90 2500 150 3500 300 4500 250 5200 400 270 100 270 100 0 29 0 0 0 0 0 60 51 90 49 150 44 500 0 600 0 800 0 0 0 60
1473 62 351 60 2019 90 2500 150 3500 300 4500 250 5200 400 270 100 270 100 0 29 0 0 0 0 0 60 51 90 49 150 44 500 0 600 0 800 0 0 0 60
1468 51 338 60 1965 90 2500 150 3500 300 4500 250 5200 400 270 100 270 100 0 30 0 0 42 0 0 60 45 90 43 150 47 500 0 600 0 800 0 0 0 60
1463 45 318 60 1878 90 2519 150 3500 300 4500 250 5200 400 270 100 270 100 0 30 0 0 57 0 0 60 42 90 41 150 49 500 0 600 0 800 0 0 0 60
1459 43 299 60 1799 90 2539 150 3500 300 4500 250 5200 400 270 100 270 100 0 30 0 0 65 0 0 60 40 90 39 150 50 500 0 600 0 800 0 0 0 60
1454 41 289 60 1759 90 2550 150 3500 300 4500 250 5200 400 270 100 270 100 0 30 0 0 68 0 0 60 40 90 39 150 51 500 0 600 0 800 0 0 0 60
1449 21 285 60 1740 90 2555 150 3500 300 4500 250 5200 400 270 100 270 100 0 30 0 0 40 0 0 60 28 90 31 150 39 500 0 600 0 800 0 0 0 60
1444 10 317 60 1690 90 2547 150 3500 300 4500 250 5200 400 270 100 270 100 0 30 0 0 26 0 0 60 23 90 28 150 34 500 0 600 0 800 0 0 0 60
1439 5 369 60 1625 90 2534 150 3500 300 4500 250 5200 400 270 100 270 100 0 30 0 0 19 0 0 60 20 90 26 150 31 500 0 600 0 800 0 0 0 60
1434 3 429 60 1552 90 2517 150 3500 300 4500 250 5200 400 270 100 270 100 0 30 0 0 16 0 0 60 18 90 25 150 29 500 0 600 0 800 0 0 0 60
1430 1 425 60 1536 90 2518 150 3500 300 4500 250 5200 400 270 100 270 100 0 30 0 0 14 0 0 60 18 90 0 150 29 500 0 600 0 800 0 0 0 60
1425 1 387 60 1548 90 2529 150 3500 300 4500 250 5200 400 270 100 270 100 0 30 0 0 13 0 0 60 0 90 0 150 0 500 0 600 0 800 0 0 0 60
1420 25 334 60 1574 90 2545 150 3500 300 4500 250 5200 400 270 100 270 100 0 31 0 0 0 0 0 60 32 90 32 150 35 500 0 600 0 800 0 0 0 60
1415 37 307 60 1587 90 2552 150 3500 300 4500 250 5200 400 270 100 270 100 0 31 0 0 0 0 0 60 39 90 36 150 39 500 0 600 0 800 0 0 0 60
1410 43 293 60 1594 90 2556 150 3500 300 4500 250 5200 400 270 100 270 100 0 31 0 0 0 0 0 60 42 90 38 150 40 500 0 600 0 800 0 0 0 60
1406 46 306 60 1586 90 2547 150 3500 300 4500 250 5200 400 270 100 270 100 0 31 0 0 0 0 0 60 44 90 39 150 41 500 0 600 0 800 0 0 0 60
1480 54 346 60 1563 90 2523 150 3500 300 4500 250 5200 400 270 100 270 100 0 29 0 0 0 0 0 60 55 90 43 150 41 500 0 600 0 800 0 0 0 60
1477 58 392 60 1536 90 2512 150 3500 300 4500 250 5200 400 270 100 270 100 0 29 0 0 0 0 0 60 60 90 45 150 40 500 0 600 0 800 0 0 0 60
1473 60 432 60 1513 90 2506 150 3500 300 4500 250 5200 400 270 100 270 100 0 29 0 0 0 0 0 60 62 90 46 150 40 500 0 600 0 800 0 0 0 60
1469 61 461 60 1497 90 2503 150 3500 300 4500 250 5200 400 270 100 270 100 0 30 0 0 0 0 0 60 64 90 47 150 40 500 0 600 0 800 0 0 0 60
1465 30 476 60 1488 90 2501 150 3500 300 4500 250 5200 400 270 100 270 100 0 30 0 0 0 0 0 60 40 90 35 150 34 500 0 600 0 800 0 0 0 60
1462 15 483 60 1484 90 2501 150 3500 300 4500 250 5200 400 270 100 270 100 0 30 0 0 0 0 0 60 29 90 30 150 31 500 0 600 0 800 0 0 0 60
1458 8 486 60 1482 90 2500 150 3500 300 4500 250 5200 400 270 100 270 100 0 30 0 0 0 0 0 60 23 90 27 150 30 500 0 600 0 800 0 0 0 60
1454 4 488 60 1481 90 2500 150 3500 300 4500 250 5200 400 270 100 270 100 0 30 0 0 0 0 0 60 20 90 25 150 29 500 0 600 0 800 0 0 0 60
1450 2 439 60 1481 90 2520 150 3500 300 4500 250 5200 400 270 100 270 100 0 30 0 0 0 0 0 60 18 90 25 150 0 500 0 600 0 800 0 0 0 60
1447 1 365 60 1480 90 2550 150 3500 300 4500 250 5200 400 270 100 270 100 0 30 0 0 0 0 0 60 18 90 0 150 0 500 0 600 0 800 0 0 0 60
0 0 277 60 1480 90 2585 150 3500 300 4500 250 5200 400 270 100 270 100 43 30 0 0 42 0 0 60 0 90 0 150 0 500 0 600 0 800 0 0 0 60
0 0 234 60 1480 90 2603 150 3500 300 4500 250 5200 400 270 100 270 100 52 30 0 0 57 0 0 60 0 90 0 150 0 500 0 600 0 800 0 0 0 60
0 0 212 60 1480 90 2611 150 3500 300 4500 250 5200 400 270 100 270 100 56 30 0 0 65 0 0 60 0 90 0 150 0 500 0 600 0 800 0 0 0 60
0 0 201 60 1480 90 2616 150 3500 300 4500 250 5200 400 270 100 270 100 58 30 0 0 68 0 0 60 0 90 0 150 0 500 0 600 0 800 0 0 0 60
0 0 195 60 1480 90 2618 150 3500 300 4500 250 5200 400 270 100 270 100 59 30 0 0 70 0 0 60 0 90 0 150 0 500 0 600 0 800 0 0 0 60
0 0 193 60 1480 90 2619 150 3500 300 4500 250 5200 400 270 100 270 100 59 30 0 0 70 0 0 60 0 90 0 150 0 500 0 600 0 800 0 0 0 60
0 0 191 60 1480 90 2619 150 3500 300 4500 250 5200 400 270 100 270 100 60 30 0 0 70 0 0 60 0 90 0 150 0 500 0 600 0 800 0 0 0 60
0 0 191 60 1480 90 2620 150 3500 300 4500 250 5200 400 270 100 270 100 56 30 0 0 64 0 0 60 0 90 0 150 0 500 0 600 0 800 0 0 0 60
0 0 190 60 1480 90 2620 150 3500 300 4500 250 5200 400 270 100 270 100 41 30 0 0 38 0 0 60 41 90 44 150 36 500 0 600 0 800 0 0 0 60
0 0 190 60 1480 90 2620 150 3500 300 4500 250 5200 400 270 100 270 100 42 30 0 0 40 0 0 60 48 90 49 150 35 500 0 600 0 800 0 0 0 60
0 0 190 60 1480 90 2620 150 3500 300 4500 250 5200 400 270 100 270 100 48 30 0 0 50 0 0 60 52 90 52 150 34 500 0 600 0 800 0 0 0 60
0 0 213 60 1480 90 2610 150 3500 300 4500 250 5200 400 270 100 270 100 52 30 0 0 59 0 0 60 53 90 53 150 33 500 0 600 0 800 0 0 0 60
0 0 246 60 1480 90 2595 150 3500 300 4500 250 5200 400 270 100 270 100 52 30 0 0 58 0 0 60 54 90 53 150 33 500 0 600 0 800 0 0 0 60
1394 26 286 60 1480 90 2577 150 3500 300 4500 250 5200 400 270 100 270 100 47 31 0 0 50 0 0 60 48 90 47 150 34 500 0 600 0 800 0 0 0 60
1390 39 328 60 1480 90 2559 150 3500 300 4500 250 5200 400 270 100 270 100 42 31 0 0 41 0 0 60 44 90 43 150 35 500 0 600 0 800 0 0 0 60
1386 46 371 60 1480 90 2539 150 3500 300 4500 250 5200 400 270 100 270 100 37 31 0 0 31 0 0 60 43 90 42 150 35 500 0 600 0 800 0 0 0 60
1382 49 416 60 1480 90 2520 150 3500 300 4500 250 5200 400 270 100 270 100 32 31 0 0 22 0 0 60 42 90 41 150 35 500 0 600 0 800 0 0 0 60
1379 50 438 60 1480 90 2510 150 3500 300 4500 250 5200 400 270 100 270 100 29 31 0 0 17 0 0 60 41 90 40 150 35 500 0 600 0 800 0 0 0 60
1375 51 449 60 1480 90 2505 150 3500 300 4500 250 5200 400 270 100 270 100 27 32 0 0 14 0 0 60 41 90 40 150 35 500 0 600 0 800 0 0 0 60
1371 52 454 60 1480 90 2502 150 3500 300 4500 250 5200 400 270 100 270 100 27 32 0 0 13 0 0 60 41 90 40 150 35 500 0 600 0 800 0 0 0 60
1367 52 457 60 1480 90 2501 150 3500 300 4500 250 5200 400 270 100 270 100 0 32 0 0 13 0 0 60 41 90 40 150 35 500 0 600 0 800 0 0 0 60
1443 57 521 60 1525 90 2501 150 3500 300 4500 250 5200 400 270 100 270 100 0 30 0 0 0 0 0 60 49 90 46 150 40 500 0 600 0 800 0 0 0 60
1440 59 563 60 1555 90 2500 150 3500 300 4500 250 5200 400 270 100 270 100 0 30 0 0 0 0 0 60 53 90 49 150 43 500 0 600 0 800 0 0 0 60
1437 61 595 60 1578 90 2500 150 3500 300 4500 250 5200 400 270 100 270 100 0 30 0 0 0 0 0 60 55 90 51 150 45 500 0 600 0 800 0 0 0 60
1433 61 621 60 1596 90 2500 150 3500 300 4500 250 5200 400 270 100 270 100 0 30 0 0 0 0 0 60 56 90 51 150 45 500 0 600 0 800 0 0 0 60
1430 62 645 60 1613 90 2500 150 3500 300 4500 250 5200 400 270 100 270 100 0 30 0 0 0 0 0 60 57 90 52 150 46 500 0 600 0 800 0 0 0 60
1427 62 667 60 1629 90 2500 150 3500 300 4500 250 5200 400 270 100 270 100 0 30 0 0 0 0 0 60 57 90 52 150 46 500 0 600 0 800 0 0 0 60
1423 62 688 60 1645 90 2500 150 3500 300 4500 250 5200 400 270 100 270 100 0 30 0 0 0 0 0 60 57 90 52 150 46 500 0 600 0 800 0 0 0 60
1420 62 699 60 1652 90 2500 150 3500 300 4500 250 5200 400 270 100 270 100 0 31 0 0 0 0 0 60 57 90 52 150 46 500 0 600 0 800 0 0 0 60
1416 62 705 60 1656 90 2500 150 3500 300 4500 250 5200 400 270 100 270 100 0 31 0 0 0 0 0 60 57 90 52 150 46 500 0 600 0 800 0 0 0 60
1413 62 642 60 1673 90 2500 150 3500 300 4500 250 5200 400 270 100 270 100 0 31 0 0 0 0 0 60 57 90 52 150 46 500 0 600 0 800 0 0 0 60
1410 31 546 60 1697 90 2590 150 3500 300 4500 250 5200 400 270 100 270 100 43 31 0 0 42 0 0 60 37 90 38 150 37 500 0 600 0 800 0 0 0 60
1406 15 433 60 1723 90 2635 150 3500 300 4500 250 5200 400 270 100 270 100 52 31 0 0 57 0 0 60 27 90 31 150 32 500 0 600 0 800 0 0 0 60
1403 8 312 60 1752 90 2658 150 3500 300 4500 250 5200 400 270 100 270 100 56 31 0 0 65 0 0 60 22 90 27 150 30 500 0 600 0 800 0 0 0 60
1400 4 251 60 1766 90 2669 150 3500 300 4500 250 5200 400 270 100 270 100 58 31 0 0 68 0 0 60 19 90 26 150 29 500 0 600 0 800 0 0 0 60
1396 2 220 60 1773 90 2674 150 3500 300 4500 250 5200 400 270 100 270 100 59 31 0 0 70 0 0 60 18 90 25 150 29 500 0 600 0 800 0 0 0 60
1393 1 205 60 1776 90 2677 150 3500 300 4500 250 5200 400 270 100 270 100 59 31 0 0 70 0 0 60 18 90 0 150 0 500 0 600 0 800 0 0 0 60
0 0 198 60 1778 90 2679 150 3500 300 4500 250 5200 400 270 100 270 100 60 30 0 0 70 0 0 60 0 90 38 150 47 500 0 600 0 800 0 0 0 60
0 0 194 60 1779 90 2679 150 3500 300 4500 250 5200 400 270 100 270 100 60 30 0 0 70 0 0 60 0 90 40 150 50 500 0 600 0 800 0 0 0 60
0 0 192 60 1780 90 2680 150 3500 300 4500 250 5200 400 270 100 270 100 60 30 0 0 70 0 0 60 0 90 41 150 52 500 0 600 0 800 0 0 0 60
0 0 191 60 1780 90 2680 150 3500 300 4500 250 5200 400 270 100 270 100 43 30 0 0 42 0 0 60 0 90 33 150 40 500 0 600 0 800 0 0 0 60
0 0 240 60 1730 90 2650 150 3500 300 4500 250 5200 400 270 100 270 100 34 30 0 0 27 0 0 60 0 90 28 150 34 500 0 600 0 800 0 0 0 60
0 0 315 60 1655 90 2605 150 3500 300 4500 250 5200 400 270 100 270 100 30 30 0 0 19 0 0 60 0 90 26 150 31 500 0 600 0 800 0 0 0 60
0 0 403 60 1567 90 2552 150 3500 300 4500 250 5200 400 270 100 270 100 28 30 0 0 16 0 0 60 0 90 25 150 30 500 0 600 0 800 0 0 0 60
0 0 431 83 1564 91 2546 162 3500 300 4500 250 5200 400 270 100 270 100 27 30 0 0 14 0 0 83 0 91 25 162 29 500 0 600 0 800 0 0 0 60
0 0 431 118 1602 93 2563 179 3500 300 4500 250 5200 400 270 100 270 100 27 30 0 0 13 0 0 118 0 93 0 179 0 500 0 600 0 800 0 0 0 60
0 0 415 159 1661 94 2592 200 3500 300 4500 250 5200 400 270 100 270 100 29 30 0 0 42 0 0 159 30 94 33 200 41 500 0 600 0 800 0 0 0 60
0 0 408 180 1690 95 2606 210 3500 300 4500 250 5200 400 270 100 270 100 31 30 0 0 57 0 0 180 37 95 38 210 48 500 0 600 0 800 0 0 0 60
0 0 404 190 1705 96 2613 215 3500 300 4500 250 5200 400 270 100 270 100 31 30 0 0 65 0 0 190 40 96 40 215 51 500 0 600 0 800 0 0 0 60
0 0 402 195 1713 96 2616 217 3500 300 4500 250 5200 400 270 100 270 100 32 30 0 0 68 0 0 195 41 96 41 217 52 500 0 600 0 800 0 0 0 60
0 0 401 197 1716 96 2618 219 3500 300 4500 250 5200 400 270 100 270 100 32 30 0 0 70 0 0 197 42 96 41 219 53 500 0 600 0 800 0 0 0 60
0 0 400 199 1718 96 2619 219 3500 300 4500 250 5200 400 270 100 270 100 32 30 0 0 70 0 0 199 43 96 42 219 54 500 0 600 0 800 0 0 0 60
0 0 400 199 1719 96 2620 220 3500 300 4500 250 5200 400 270 100 270 100 32 30 0 0 70 0 0 199 43 96 42 220 54 500 0 600 0 800 0 0 0 60
0 0 400 200 1720 96 2620 220 3500 300 4500 250 5200 400 270 100 270 100 32 30 0 0 70 0 0 200 43 96 42 220 54 500 0 600 0 800 0 0 0 60
0 0 400 200 1720 96 2620 220 3500 300 4500 250 5200 400 270 100 270 100 32 30 0 0 70 0 0 200 43 96 42 220 54 500 0 600 0 800 0 0 0 60
0 0 400 200 1720 96 2620 220 3500 300 4500 250 5200 400 270 100 270 100 32 30 0 0 70 0 0 200 43 96 42 220 54 500 0 600 0 800 0 0 0 60
0 0 400 200 1720 96 2620 220 3500 300 4500 250 5200 400 270 100 270 100 32 30 0 0 70 0 0 200 43 96 42 220 54 500 0 600 0 800 0 0 0 60
0 0 396 182 1767 95 2590 202 3500 300 4500 250 5200 400 270 100 270 100 32 30 0 0 70 0 0 182 43 95 42 202 54 500 0 600 0 800 0 0 0 60
1399 31 391 156 1839 94 2545 176 3500 300 4500 250 5200 400 270 100 270 100 29 31 0 0 42 0 0 156 47 94 45 176 49 500 0 600 0 800 0 0 0 60
1395 47 385 131 1906 93 2522 163 3500 300 4500 250 5200 400 270 100 270 100 27 31 0 0 27 0 0 131 49 93 47 163 46 500 0 600 0 800 0 0 0 60
1391 54 380 107 1971 92 2511 157 3500 300 4500 250 5200 400 270 100 270 100 27 31 0 0 19 0 0 107 50 92 48 157 45 500 0 600 0 800 0 0 0 60
1388 58 375 84 2036 91 2506 153 3500 300 4500 250 5200 400 270 100 270 100 0 31 0 0 16 0 0 84 50 91 49 153 45 500 0 600 0 800 0 0 0 60
1384 60 373 72 2068 91 2503 152 3500 300 4500 250 5200 400 270 100 270 100 0 31 0 0 14 0 0 72 51 91 49 152 44 500 0 600 0 800 0 0 0 60
1380 61 371 66 2084 90 2501 151 3500 300 4500 250 5200 400 270 100 270 100 0 31 0 0 13 0 0 66 51 90 49 151 44 500 0 600 0 800 0 0 0 60
1376 62 389 61 2065 108 2511 160 3500 300 4500 250 5200 400 300 100 270 100 0 32 0 0 0 0 0 61 51 108 49 160 44 500 0 600 0 800 0 0 0 60
1372 61 416 57 2029 134 2525 173 3500 300 4500 250 5200 400 345 100 270 100 0 32 0 0 0 0 0 57 51 134 49 173 44 500 0 600 0 800 0 0 0 60
1369 56 448 49 1985 164 2573 217 3500 300 4500 250 5200 400 398 100 270 100 0 32 0 0 0 0 0 49 50 164 49 217 39 500 0 600 0 800 0 0 0 60
1365 54 464 44 1936 197 2596 238 3500 300 4500 250 5200 400 424 100 270 100 0 32 0 0 0 0 0 44 49 197 49 238 37 500 0 600 0 800 0 0 0 60
1361 53 472 42 1884 231 2608 249 3500 300 4500 250 5200 400 437 100 270 100 0 32 0 0 0 0 0 42 49 231 49 249 35 500 0 600 0 800 0 0 0 60
1357 53 476 41 1832 266 2614 255 3500 300 4500 250 5200 400 443 100 270 100 0 32 0 0 0 0 0 41 49 266 49 255 35 500 0 600 0 800 0 0 0 60
1354 52 478 41 1806 283 2617 257 3500 300 4500 250 5200 400 447 100 270 100 0 32 0 0 0 0 0 41 49 283 49 257 34 500 0 600 0 800 0 0 0 60
1350 52 479 40 1793 291 2619 259 3500 300 4500 250 5200 400 448 100 270 100 0 32 0 0 0 0 0 40 49 291 49 259 34 500 0 600 0 800 0 0 0 60
1346 52 473 42 1787 278 2629 241 3500 300 4500 250 5200 400 449 100 270 100 0 32 0 0 0 0 0 42 49 278 49 241 34 500 0 600 0 800 0 0 0 60
1342 52 463 44 1783 254 2645 214 3500 300 4500 250 5200 400 450 100 270 100 0 32 0 0 0 0 0 44 49 254 49 214 34 500 0 600 0 800 0 0 0 60
1339 26 452 47 1782 225 2662 182 3500 300 4500 250 5200 400 360 100 270 100 43 32 0 0 42 0 0 47 45 225 45 182 36 500 0 600 0 800 0 0 0 60
1335 13 436 51 1781 184 2671 166 3500 300 4500 250 5200 400 315 100 270 100 52 33 0 0 57 0 0 51 43 184 44 166 36 500 0 600 0 800 0 0 0 60
1331 7 418 56 1780 137 2676 158 3500 300 4500 250 5200 400 292 100 270 100 56 33 0 0 65 0 0 56 42 137 43 158 37 500 0 600 0 800 0 0 0 60
1327 3 409 58 1780 113 2678 154 3500 300 4500 250 5200 400 281 100 270 100 58 33 0 0 68 0 0 58 42 113 42 154 37 500 0 600 0 800 0 0 0 60
1323 2 404 59 1780 102 2679 152 3500 300 4500 250 5200 400 276 100 270 100 59 33 0 0 70 0 0 59 41 102 42 152 37 500 0 600 0 800 0 0 0 60
1320 1 402 59 1780 96 2679 151 3500 300 4500 250 5200 400 273 100 270 100 59 33 0 0 70 0 0 59 41 96 42 151 37 500 0 600 0 800 0 0 0 60
0 0 401 60 1780 93 2680 150 3500 300 4500 250 5200 400 271 100 270 100 60 30 0 0 70 0 0 60 41 93 42 150 37 500 0 600 0 800 0 0 0 60
0 0 401 60 1780 91 2680 150 3500 300 4500 250 5200 400 271 100 270 100 60 30 0 0 70 0 0 60 41 91 42 150 37 500 0 600 0 800 0 0 0 60
0 0 400 60 1780 91 2680 150 3500 300 4500 250 5200 400 270 100 270 100 60 30 0 0 70 0 0 60 41 91 42 150 37 500 0 600 0 800 0 0 0 60
0 0 400 60 1780 90 2680 150 3500 300 4500 250 5200 400 270 100 270 100 60 30 0 0 70 0 0 60 41 90 42 150 37 500 0 600 0 800 0 0 0 60
0 0 400 60 1780 90 2680 150 3500 300 4500 250 5200 400 270 100 270 100 60 30 0 0 70 0 0 60 41 90 42 150 37 500 0 600 0 800 0 0 0 60
0 0 400 60 1780 90 2680 150 3500 300 4500 250 5200 400 270 100 270 100 60 30 0 0 70 0 0 60 41 90 42 150 37 500 0 600 0 800 0 0 0 60
0 0 400 60 1780 90 2680 150 3500 300 4500 250 5200 400 270 100 270 100 60 30 0 0 70 0 0 60 41 90 42 150 37 500 0 600 0 800 0 0 0 60
0 0 400 60 1780 90 2680 150 3500 300 4500 250 5200 400 270 100 270 100 60 30 0 0 70 0 0 60 41 90 42 150 37 500 0 600 0 800 0 0 0 60
0 0 418 60 1813 90 2680 150 3500 300 4500 250 5200 400 270 100 270 100 60 30 0 0 70 0 0 60 41 90 42 150 37 500 0 600 0 800 0 0 0 60
1308 31 444 60 1861 90 2680 150 3500 300 4500 250 5200 400 270 100 270 100 43 33 0 0 42 0 0 60 49 90 47 150 41 500 0 600 0 800 0 0 0 60
1304 47 473 60 1916 90 2638 150 3500 300 4500 250 5200 400 270 100 270 100 34 33 0 0 27 0 0 60 53 90 50 150 44 500 0 600 0 800 0 0 0 60
1300 54 500 60 1965 90 2587 150 3500 300 4500 250 5200 400 270 100 270 100 30 33 0 0 19 0 0 60 55 90 51 150 45 500 0 600 0 800 0 0 0 60
1296 58 507 60 1986 90 2543 150 3500 300 4500 250 5200 400 270 100 270 100 28 34 0 0 16 0 0 60 56 90 51 150 45 500 0 600 0 800 0 0 0 60
1292 60 489 60 1971 90 2522 150 3500 300 4500 250 5200 400 270 100 270 100 27 34 0 0 14 0 0 60 57 90 52 150 46 500 0 600 0 800 0 0 0 60
1288 50 449 60 1925 90 2511 150 3500 300 4500 250 5200 400 270 100 270 100 27 34 0 0 43 0 0 60 48 90 45 150 48 500 0 600 0 800 0 0 0 60
1284 45 397 60 1863 90 2520 150 3500 300 4500 250 5200 400 270 100 270 100 0 34 0 0 57 0 0 60 43 90 41 150 50 500 0 600 0 800 0 0 0 60
1279 43 339 60 1791 90 2540 150 3500 300 4500 250 5200 400 270 100 270 100 0 34 0 0 65 0 0 60 41 90 40 150 50 500 0 600 0 800 0 0 0 60
1275 41 373 60 1708 90 2535 150 3500 300 4500 250 5200 400 270 100 270 100 0 34 0 0 68 0 0 60 40 90 39 150 51 500 0 600 0 800 0 0 0 60
1298 52 454 60 1619 90 2518 150 3500 300 4500 250 5200 400 270 100 270 100 0 33 0 0 40 0 0 60 52 90 41 150 44 500 0 600 0 800 0 0 0 60
1295 57 549 60 1534 90 2509 150 3500 300 4500 250 5200 400 270 100 270 100 0 34 0 0 26 0 0 60 57 90 42 150 40 500 0 600 0 800 0 0 0 60
1292 59 639 60 1460 90 2504 150 3500 300 4500 250 5200 400 270 100 270 100 0 34 0 0 19 0 0 60 60 90 42 150 39 500 0 600 0 800 0 0 0 60
1289 61 706 60 1416 90 2502 150 3500 300 4500 250 5200 400 270 100 270 100 0 34 0 0 16 0 0 60 61 90 43 150 38 500 0 600 0 800 0 0 0 60
1287 61 724 60 1421 90 2501 150 3500 300 4500 250 5200 400 270 100 270 100 0 34 0 0 14 0 0 60 61 90 44 150 38 500 0 600 0 800 0 0 0 60
1284 62 712 60 1462 90 2501 150 3500 300 4500 250 5200 400 270 100 270 100 0 34 0 0 13 0 0 60 60 90 44 150 39 500 0 600 0 800 0 0 0 60
1281 62 679 60 1531 90 2500 150 3500 300 4500 250 5200 400 270 100 270 100 0 34 0 0 0 0 0 60 59 90 45 150 39 500 0 600 0 800 0 0 0 60
1278 62 629 60 1626 90 2500 150 3500 300 4500 250 5200 400 270 100 270 100 0 34 0 0 0 0 0 60 58 90 45 150 40 500 0 600 0 800 0 0 0 60
1276 62 570 60 1736 90 2500 150 3500 300 4500 250 5200 400 270 100 270 100 0 34 0 0 0 0 0 60 57 90 46 150 41 500 0 600 0 800 0 0 0 60
1273 62 512 60 1842 90 2500 150 3500 300 4500 250 5200 400 270 100 270 100 0 34 0 0 0 0 0 60 56 90 47 150 41 500 0 600 0 800 0 0 0 60
1270 62 462 60 1933 90 2500 150 3500 300 4500 250 5200 400 270 100 270 100 0 34 0 0 0 0 0 60 55 90 47 150 42 500 0 600 0 800 0 0 0 60
1267 62 418 60 1983 90 2500 150 3500 300 4500 250 5200 400 270 100 270 100 0 34 0 0 0 0 0 60 53 90 48 150 43 500 0 600 0 800 0 0 0 60
1265 62 381 60 1989 90 2500 150 3500 300 4500 250 5200 400 270 100 270 100 0 34 0 0 0 0 0 60 52 90 48 150 43 500 0 600 0 800 0 0 0 60
1262 51 353 60 1949 90 2500 150 3500 300 4500 250 5200 400 270 100 270 100 0 34 0 0 42 0 0 60 46 90 43 150 47 500 0 600 0 800 0 0 0 60
1259 45 328 60 1882 90 2515 150 3500 300 4500 250 5200 400 270 100 270 100 0 35 0 0 57 0 0 60 42 90 41 150 49 500 0 600 0 800 0 0 0 60
1256 43 304 60 1801 90 2538 150 3500 300 4500 250 5200 400 270 100 270 100 0 35 0 0 65 0 0 60 41 90 39 150 50 500 0 600 0 800 0 0 0 60
1253 41 318 60 1731 90 2534 150 3500 300 4500 250 5200 400 270 100 270 100 0 35 0 0 68 0 0 60 40 90 39 150 51 500 0 600 0 800 0 0 0 60
1277 52 352 60 1665 90 2517 150 3500 300 4500 250 5200 400 270 100 270 100 0 34 0 0 40 0 0 60 52 90 43 150 45 500 0 600 0 800 0 0 0 60
1275 57 386 60 1613 90 2463 148 3500 300 4500 250 5200 400 270 100 270 100 0 34 0 0 26 0 0 60 58 90 45 148 42 500 0 600 0 800 0 0 0 60
1274 59 420 60 1566 90 2347 143 3500 300 4500 250 5200 400 270 100 270 100 0 34 0 0 19 0 0 60 60 90 46 143 40 500 0 600 0 800 0 0 0 60
1272 61 455 60 1523 90 2153 135 3500 300 4500 250 5200 400 270 100 270 100 0 34 0 0 16 0 0 60 60 90 47 135 38 500 0 600 0 800 0 0 0 60
1270 55 473 60 1502 90 1877 122 3500 300 4500 250 5200 400 270 100 270 100 0 34 0 0 14 0 0 60 59 90 47 122 36 500 0 600 0 800 0 0 0 60
1268 53 481 60 1461 90 1738 112 3500 300 4500 250 5200 400 270 100 270 100 0 34 0 0 13 0 0 60 57 90 48 112 34 500 0 600 0 800 0 0 0 60
1266 51 486 60 1410 90 1669 103 3500 300 4500 250 5200 400 270 100 270 100 0 34 0 0 0 0 0 60 55 90 48 103 33 500 0 600 0 800 0 0 0 60
1265 51 488 60 1355 90 1635 95 3500 300 4500 250 5200 400 270 100 270 100 0 34 0 0 0 0 0 60 54 90 48 95 32 500 0 600 0 800 0 0 0 60
1263 50 489 60 1298 90 1617 86 3500 300 4500 250 5200 400 270 100 270 100 0 34 0 0 0 0 0 60 52 90 49 86 30 500 0 600 0 800 0 0 0 60
1261 50 489 60 1239 90 1609 78 3500 300 4500 250 5200 400 270 100 270 100 0 34 0 0 0 0 0 60 51 90 49 78 29 500 0 600 0 800 0 0 0 60
1259 50 490 60 1209 90 1604 74 3500 300 4500 250 5200 400 270 100 270 100 0 35 0 0 0 0 0 60 50 90 49 74 29 500 0 600 0 800 0 0 0 60
1257 50 490 60 1195 90 1602 72 3500 300 4500 250 5200 400 270 100 270 100 0 35 0 0 0 0 0 60 49 90 49 72 0 500 0 600 0 800 0 0 0 60
1255 50 490 60 1187 90 1601 71 3500 300 4500 250 5200 400 270 100 270 100 0 35 0 0 0 0 0 60 49 90 49 71 0 500 0 600 0 800 0 0 0 60
1254 50 490 60 1184 90 1601 71 3500 300 4500 250 5200 400 270 100 270 100 0 35 0 0 0 0 0 60 49 90 49 71 0 500 0 600 0 800 0 0 0 60
1252 25 490 60 1182 90 1600 70 3500 300 4500 250 5200 400 270 100 270 100 0 35 0 0 0 0 0 60 33 90 36 70 0 500 0 600 0 800 0 0 0 60
1250 13 490 60 1231 90 1750 83 3500 300 4500 250 5200 400 270 100 270 100 0 35 0 0 0 0 0 60 25 90 30 83 0 500 0 600 0 800 0 0 0 60
1248 6 490 60 1305 90 1975 103 3500 300 4500 250 5200 400 270 100 270 100 0 35 0 0 0 0 0 60 21 90 27 103 0 500 0 600 0 800 0 0 0 60
1246 3 490 60 1393 90 2238 127 3500 300 4500 250 5200 400 270 100 270 100 0 35 0 0 0 0 0 60 19 90 26 127 0 500 0 600 0 800 0 0 0 60
1245 2 475 83 1476 91 2389 150 3500 300 4500 250 5200 400 270 100 270 100 0 35 0 0 0 0 0 83 18 91 25 150 0 500 0 600 0 800 0 0 0 60
1243 1 452 118 1558 93 2484 173 3500 300 4500 250 5200 400 270 100 270 100 0 35 0 0 0 0 0 118 18 93 0 173 0 500 0 600 0 800 0 0 0 60
0 0 426 159 1639 94 2552 197 3500 300 4500 250 5200 400 270 100 270 100 29 30 0 0 42 0 0 159 30 94 33 197 41 500 0 600 0 800 0 0 0 60
0 0 413 180 1680 95 2586 208 3500 300 4500 250 5200 400 270 100 270 100 31 30 0 0 57 0 0 180 37 95 38 208 48 500 0 600 0 800 0 0 0 60
0 0 407 190 1700 96 2603 214 3500 300 4500 250 5200 400 270 100 270 100 31 30 0 0 65 0 0 190 40 96 40 214 51 500 0 600 0 800 0 0 0 60
0 0 403 195 1710 96 2612 217 3500 300 4500 250 5200 400 270 100 270 100 32 30 0 0 68 0 0 195 41 96 41 217 52 500 0 600 0 800 0 0 0 60
0 0 402 197 1715 96 2616 219 3500 300 4500 250 5200 400 270 100 270 100 32 30 0 0 70 0 0 197 42 96 41 219 53 500 0 600 0 800 0 0 0 60
0 0 401 199 1717 96 2618 219 3500 300 4500 250 5200 400 270 100 270 100 32 30 0 0 70 0 0 199 43 96 42 219 54 500 0 600 0 800 0 0 0 60
0 0 400 199 1719 96 2619 220 3500 300 4500 250 5200 400 270 100 270 100 32 30 0 0 70 0 0 199 43 96 42 220 54 500 0 600 0 800 0 0 0 60
0 0 400 200 1719 96 2619 220 3500 300 4500 250 5200 400 270 100 270 100 32 30 0 0 70 0 0 200 43 96 42 220 54 500 0 600 0 800 0 0 0 60
0 0 400 200 1720 96 2620 220 3500 300 4500 250 5200 400 270 100 270 100 32 30 0 0 70 0 0 200 43 96 42 220 54 500 0 600 0 800 0 0 0 60
0 0 400 200 1720 96 2620 220 3500 300 4500 250 5200 400 270 100 270 100 32 30 0 0 70 0 0 200 43 96 42 220 54 500 0 600 0 800 0 0 0 60
0 0 400 200 1720 96 2620 220 3500 300 4500 250 5200 400 270 100 270 100 32 30 0 0 70 0 0 200 43 96 42 220 54 500 0 600 0 800 0 0 0 60
0 0 374 182 1600 95 2620 220 3500 300 4500 250 5200 400 270 100 270 100 32 30 0 0 70 0 0 182 43 95 42 220 54 500 0 600 0 800 0 0 0 60
0 0 334 156 1420 94 2620 220 3500 300 4500 250 5200 400 270 100 270 100 46 30 0 0 70 0 0 156 30 94 33 220 41 500 0 600 0 800 0 0 0 60
0 0 288 126 1210 93 2590 202 3500 300 4500 250 5200 400 270 100 270 100 53 30 0 0 70 0 0 126 23 93 28 202 34 500 0 600 0 800 0 0 0 60
0 0 239 93 985 91 2545 176 3500 300 4500 250 5200 400 270 100 270 100 56 30 0 0 70 0 0 93 20 91 26 176 31 500 0 600 0 800 0 0 0 60
0 0 215 76 872 91 2522 163 3500 300 4500 250 5200 400 270 100 270 100 58 30 0 0 70 0 0 76 19 91 25 163 30 500 0 600 0 800 0 0 0 60
0 0 202 68 816 90 2511 157 3500 300 4500 250 5200 400 270 100 270 100 59 30 0 0 70 0 0 68 18 90 25 157 29 500 0 600 0 800 0 0 0 60
0 0 196 64 788 90 2506 153 3500 300 4500 250 5200 400 270 100 270 100 60 30 0 0 70 0 0 64 0 90 0 153 0 500 0 600 0 800 0 0 0 60
0 0 193 62 774 90 2503 152 3500 300 4500 250 5200 400 270 100 270 100 60 30 0 0 70 0 0 62 0 90 0 152 0 500 0 600 0 800 0 0 0 60
0 0 192 61 767 90 2501 151 3500 300 4500 250 5200 400 270 100 270 100 60 30 0 0 70 0 0 61 0 90 0 151 0 500 0 600 0 800 0 0 0 60
0 0 191 61 764 90 2501 150 3500 300 4500 250 5200 400 270 100 270 100 60 30 0 0 70 0 0 61 40 90 41 150 40 500 0 600 0 800 0 0 0 60
0 0 190 60 762 90 2500 150 3500 300 4500 250 5200 400 270 100 270 100 60 30 0 0 70 0 0 60 47 90 44 150 41 500 0 600 0 800 0 0 0 60
0 0 198 60 956 90 2675 150 3500 300 4500 250 5200 400 270 100 270 100 60 30 0 0 70 0 0 60 50 90 45 150 42 500 0 600 0 800 0 0 0 60
1279 31 209 60 1248 90 2938 150 3500 300 4500 250 5200 400 270 100 270 100 43 34 0 0 42 0 0 60 49 90 48 150 44 500 0 600 0 800 0 0 0 60
1274 47 222 60 1589 90 3069 150 3500 300 4500 250 5200 400 270 100 270 100 34 34 0 0 27 0 0 60 48 90 49 150 45 500 0 600 0 800 0 0 0 60
1270 54 236 60 1954 90 3134 150 3500 300 4500 250 5200 400 270 100 270 100 30 34 0 0 19 0 0 60 48 90 49 150 45 500 0 600 0 800 0 0 0 60
1265 58 243 60 2137 90 3167 150 3500 300 4500 250 5200 400 270 100 270 100 28 34 0 0 16 0 0 60 48 90 50 150 46 500 0 600 0 800 0 0 0 60
1261 60 246 60 2229 90 3184 150 3500 300 4500 250 5200 400 270 100 270 100 27 34 0 0 14 0 0 60 48 90 50 150 46 500 0 600 0 800 0 0 0 60
1256 61 248 60 2274 90 3192 150 3500 300 4500 250 5200 400 270 100 270 100 27 35 0 0 13 0 0 60 48 90 50 150 46 500 0 600 0 800 0 0 0 60
1252 62 249 60 2297 90 3196 150 3500 300 4500 250 5200 400 270 100 270 100 0 35 0 0 0 0 0 60 48 90 50 150 46 500 0 600 0 800 0 0 0 60
1247 62 250 60 2309 90 3198 150 3500 300 4500 250 5200 400 270 100 270 100 0 35 0 0 0 0 0 60 48 90 50 150 46 500 0 600 0 800 0 0 0 60
1243 62 250 60 2314 90 3199 150 3500 300 4500 250 5200 400 270 100 270 100 0 35 0 0 0 0 0 60 48 90 50 150 46 500 0 600 0 800 0 0 0 60
1238 62 245 60 2247 90 3151 150 3500 300 4500 250 5200 400 270 100 270 100 29 35 0 0 17 0 0 60 48 90 50 150 46 500 0 600 0 800 0 0 0 60
1234 62 237 60 2144 90 3079 150 3500 300 4500 250 5200 400 270 100 270 100 33 35 0 0 25 0 0 60 48 90 50 150 46 500 0 600 0 800 0 0 0 60
1229 31 229 60 2022 90 2994 150 3500 300 4500 250 5200 400 270 100 270 100 38 35 0 0 33 0 0 60 33 90 37 150 37 500 0 600 0 800 0 0 0 60
1225 15 219 60 1891 90 2904 150 3500 300 4500 250 5200 400 270 100 270 100 43 36 0 0 43 0 0 60 25 90 30 150 32 500 0 600 0 800 0 0 0 60
1220 8 210 60 1755 90 2810 150 3500 300 4500 250 5200 400 270 100 270 100 49 36 0 0 52 0 0 60 21 90 27 150 30 500 0 600 0 800 0 0 0 60
1216 4 200 60 1618 90 2715 150 3500 300 4500 250 5200 400 270 100 270 100 54 36 0 0 62 0 0 60 19 90 26 150 29 500 0 600 0 800 0 0 0 60
1211 2 195 60 1549 90 2668 150 3500 300 4500 250 5200 400 270 100 270 100 57 36 0 0 67 0 0 60 18 90 25 150 29 500 0 600 0 800 0 0 0 60
1206 1 192 60 1514 90 2644 150 3500 300 4500 250 5200 400 270 100 270 100 59 36 0 0 70 0 0 60 0 90 0 150 0 500 0 600 0 800 0 0 0 60
0 0 191 60 1497 90 2632 150 3500 300 4500 250 5200 400 270 100 270 100 59 30 0 0 70 0 0 60 0 90 0 150 0 500 0 600 0 800 0 0 0 60
0 0 191 60 1489 90 2626 150 3500 300 4500 250 5200 400 270 100 270 100 55 30 0 0 64 0 0 60 0 90 0 150 0 500 0 600 0 800 0 0 0 60
0 0 190 60 1484 90 2623 150 3500 300 4500 250 5200 400 270 100 270 100 41 30 0 0 38 0 0 60 41 90 44 150 36 500 0 600 0 800 0 0 0 60
0 0 190 60 1482 90 2621 150 3500 300 4500 250 5200 400 270 100 270 100 42 30 0 0 40 0 0 60 48 90 49 150 35 500 0 600 0 800 0 0 0 60
0 0 190 60 1481 90 2621 150 3500 300 4500 250 5200 400 270 100 270 100 48 30 0 0 50 0 0 60 52 90 52 150 34 500 0 600 0 800 0 0 0 60
0 0 205 60 1532 90 2610 150 3500 300 4500 250 5200 400 270 100 270 100 52 30 0 0 59 0 0 60 53 90 53 150 33 500 0 600 0 800 0 0 0 60
0 0 228 60 1609 90 2595 150 3500 300 4500 250 5200 400 270 100 270 100 52 30 0 0 58 0 0 60 54 90 53 150 33 500 0 600 0 800 0 0 0 60
1197 31 254 60 1700 90 2578 150 3500 300 4500 250 5200 400 270 100 270 100 47 36 0 0 50 0 0 60 53 90 51 150 39 500 0 600 0 800 0 0 0 60
1194 47 282 60 1814 90 2559 150 3500 300 4500 250 5200 400 270 100 270 100 42 36 0 0 41 0 0 60 52 90 50 150 41 500 0 600 0 800 0 0 0 60
1192 54 311 66 1901 89 2539 150 3500 300 4500 250 5200 400 270 100 270 100 37 36 0 0 31 0 0 66 51 89 50 150 43 500 0 600 0 800 0 0 0 60
1189 58 340 80 1937 87 2520 150 3500 300 4500 250 5200 400 270 100 270 100 32 37 0 0 22 0 0 80 51 87 49 150 43 500 0 600 0 800 0 0 0 60
1187 60 339 104 1890 84 2543 154 3500 300 4500 250 5200 400 308 100 270 100 29 37 0 0 17 0 0 104 51 84 49 154 44 500 0 600 0 800 0 0 0 60
1184 60 323 139 1782 78 2588 160 3500 300 4500 250 5200 400 366 100 270 100 29 37 0 0 14 0 0 139 51 78 49 160 44 500 0 600 0 800 0 0 0 60
1182 56 252 269 1621 72 2644 180 3500 300 4500 250 5200 400 433 100 270 100 35 37 0 0 13 0 0 269 48 72 49 180 36 500 0 600 0 800 0 0 0 60
1179 54 216 335 1434 64 2705 190 3500 300 4500 250 5200 400 466 100 270 100 37 37 0 0 13 0 0 335 47 64 49 190 32 500 0 600 0 800 0 0 0 60
1177 53 198 367 1234 56 2769 195 3500 300 4500 250 5200 400 483 100 270 100 39 37 0 0 0 0 0 367 46 56 49 195 30 500 0 600 0 800 0 0 0 60
1174 52 189 384 1027 48 2835 198 3500 300 4500 250 5200 400 492 100 270 100 39 37 0 0 0 0 0 384 45 48 49 198 29 500 0 600 0 800 0 0 0 60
1172 52 184 392 923 44 2867 199 3500 300 4500 250 5200 400 496 100 270 100 40 37 0 0 0 0 0 392 45 44 49 199 0 500 0 600 0 800 0 0 0 60
1169 52 182 396 872 42 2884 199 3500 300 4500 250 5200 400 498 100 270 100 40 37 0 0 0 0 0 396 45 42 49 199 0 500 0 600 0 800 0 0 0 60
1167 52 181 398 846 41 2892 200 3500 300 4500 250 5200 400 480 100 270 100 40 37 0 0 0 0 0 398 45 41 49 200 0 500 0 600 0 800 0 0 0 60
1164 52 181 399 833 41 2896 200 3500 300 4500 250 5200 400 452 100 270 100 40 37 0 0 0 0 0 399 45 41 49 200 0 500 0 600 0 800 0 0 0 60
1161 26 180 399 826 40 2898 200 3500 300 4500 250 5200 400 418 100 270 100 33 37 0 0 0 0 0 399 31 40 37 200 0 500 0 600 0 800 0 0 0 60
1159 13 232 343 933 48 2832 192 3500 300 4500 250 5200 400 382 100 270 100 29 38 0 0 0 0 0 343 24 48 30 192 0 500 0 600 0 800 0 0 0 60
1156 7 309 258 1097 61 2733 179 3500 300 4500 250 5200 400 345 100 270 100 28 38 0 0 0 0 0 258 21 61 27 179 0 500 0 600 0 800 0 0 0 60
1154 3 400 159 1288 75 2616 165 3500 300 4500 250 5200 400 308 100 270 100 27 38 0 0 0 0 0 159 19 75 26 165 0 500 0 600 0 800 0 0 0 60
1151 2 465 110 1284 83 2558 157 3500 300 4500 250 5200 400 289 100 270 100 0 38 0 0 0 0 0 110 18 83 25 157 0 500 0 600 0 800 0 0 0 60
1149 1 517 85 1182 86 2529 154 3500 300 4500 250 5200 400 279 100 270 100 0 38 0 0 0 0 0 85 0 86 0 154 0 500 0 600 0 800 0 0 0 60
1226 29 564 72 1031 88 2515 152 3500 300 4500 250 5200 400 275 100 270 100 0 35 0 0 0 0 0 72 40 88 30 152 29 500 0 600 0 800 0 0 0 60
1223 44 587 66 956 89 2507 151 3500 300 4500 250 5200 400 272 100 270 100 0 36 0 0 0 0 0 66 51 89 33 151 30 500 0 600 0 800 0 0 0 60
1220 51 598 63 918 90 2504 150 3500 300 4500 250 5200 400 271 100 270 100 0 36 0 0 0 0 0 63 56 90 35 150 30 500 0 600 0 800 0 0 0 60
1217 54 604 62 899 90 2502 150 3500 300 4500 250 5200 400 271 100 270 100 0 36 0 0 0 0 0 62 59 90 35 150 30 500 0 600 0 800 0 0 0 60
1214 56 607 61 889 90 2501 150 3500 300 4500 250 5200 400 270 100 270 100 0 36 0 0 0 0 0 61 61 90 36 150 30 500 0 600 0 800 0 0 0 60
1211 57 609 60 885 90 2500 150 3500 300 4500 250 5200 400 270 100 270 100 0 36 0 0 0 0 0 60 61 90 36 150 30 500 0 600 0 800 0 0 0 60
1208 58 609 60 882 90 2500 150 3500 300 4500 250 5200 400 270 100 270 100 0 36 0 0 0 0 0 60 62 90 36 150 30 500 0 600 0 800 0 0 0 60
1206 58 588 58 956 107 2510 159 3500 300 4500 250 5200 400 300 100 270 100 0 36 0 0 0 0 0 58 62 107 36 159 30 500 0 600 0 800 0 0 0 60
1203 57 556 56 1068 134 2525 173 3500 300 4500 250 5200 400 345 100 270 100 0 36 0 0 0 0 0 56 62 134 36 173 30 500 0 600 0 800 0 0 0 60
1200 55 518 48 1199 164 2573 216 3500 300 4500 250 5200 400 398 100 270 100 0 36 0 0 0 0 0 48 55 164 42 216 32 500 0 600 0 800 0 0 0 60
1197 53 499 44 1340 197 2596 238 3500 300 4500 250 5200 400 424 100 270 100 0 36 0 0 0 0 0 44 52 197 46 238 33 500 0 600 0 800 0 0 0 60
1194 53 489 42 1485 231 2608 249 3500 300 4500 250 5200 400 437 100 270 100 0 36 0 0 0 0 0 42 51 231 47 249 33 500 0 600 0 800 0 0 0 60
1191 52 485 41 1632 266 2614 255 3500 300 4500 250 5200 400 443 100 270 100 0 37 0 0 0 0 0 41 50 266 48 255 34 500 0 600 0 800 0 0 0 60
1188 52 482 40 1706 283 2617 257 3500 300 4500 250 5200 400 447 100 270 100 0 37 0 0 0 0 0 40 49 283 49 257 34 500 0 600 0 800 0 0 0 60
1185 52 481 40 1743 291 2619 259 3500 300 4500 250 5200 400 448 100 270 100 0 37 0 0 0 0 0 40 49 291 49 259 34 500 0 600 0 800 0 0 0 60
1182 52 481 40 1762 296 2619 259 3500 300 4500 250 5200 400 434 100 270 100 0 37 0 0 0 0 0 40 49 296 49 259 34 500 0 600 0 800 0 0 0 60
1179 52 480 40 1771 298 2620 260 3500 300 4500 250 5200 400 412 100 270 100 0 37 0 0 0 0 0 40 49 298 49 260 34 500 0 600 0 800 0 0 0 60
1176 26 480 40 1775 299 2620 260 3500 300 4500 250 5200 400 386 100 270 100 0 37 0 0 0 0 0 40 33 299 36 260 31 500 0 600 0 800 0 0 0 60
1173 13 482 43 1728 264 2600 242 3500 300 4500 250 5200 400 358 100 270 100 0 37 0 0 0 0 0 43 25 264 30 242 29 500 0 600 0 800 0 0 0 60
1170 7 484 48 1654 212 2570 214 3500 300 4500 250 5200 400 329 100 270 100 0 37 0 0 0 0 0 48 21 212 27 214 29 500 0 600 0 800 0 0 0 60
1167 3 487 54 1567 151 2535 182 3500 300 4500 250 5200 400 300 100 270 100 0 37 0 0 0 0 0 54 19 151 26 182 0 500 0 600 0 800 0 0 0 60
1164 2 474 57 1513 121 2527 166 3500 300 4500 250 5200 400 285 100 270 100 0 37 0 0 0 0 0 57 18 121 25 166 0 500 0 600 0 800 0 0 0 60
1162 1 452 59 1477 105 2534 158 3500 300 4500 250 5200 400 277 100 270 100 0 37 0 0 0 0 0 59 18 105 0 158 0 500 0 600 0 800 0 0 0 60
0 0 426 59 1448 98 2547 154 3500 300 4500 250 5200 400 274 100 270 100 29 30 0 0 39 0 0 59 0 98 0 154 0 500 0 600 0 800 0 47 0 60
0 0 413 60 1434 94 2553 152 3500 300 4500 250 5200 400 272 100 270 100 31 30 0 0 53 0 0 60 0 94 0 152 0 500 0 600 0 800 0 58 0 60
0 0 406 60 1427 92 2557 151 3500 300 4500 250 5200 400 271 100 270 100 31 30 0 0 59 0 0 60 0 92 0 151 0 500 0 600 0 800 0 63 0 60
0 0 403 60 1424 91 2558 151 3500 300 4500 250 5200 400 270 100 270 100 32 30 0 0 63 0 0 60 0 91 0 151 0 500 0 600 0 800 0 65 0 60
0 0 402 60 1422 90 2559 150 3500 300 4500 250 5200 400 270 100 270 100 32 30 0 0 64 0 0 60 0 90 0 150 0 500 0 600 0 800 0 67 0 60
0 0 401 60 1421 90 2560 150 3500 300 4500 250 5200 400 270 100 270 100 32 30 0 0 65 0 0 60 0 90 0 150 0 500 0 600 0 800 0 67 0 60
0 0 400 60 1420 90 2560 150 3500 300 4500 250 5200 400 270 100 270 100 32 30 0 0 66 0 0 60 0 90 0 150 0 500 0 600 0 800 0 68 0 60
0 0 400 60 1420 90 2560 150 3500 300 4500 250 5200 400 270 100 270 100 32 30 0 0 66 0 0 60 0 90 0 150 0 500 0 600 0 800 0 68 0 60
0 0 400 60 1420 90 2560 150 3500 300 4500 250 5200 400 270 100 270 100 32 30 0 0 66 0 0 60 0 90 0 150 0 500 0 600 0 800 0 68 0 60
0 0 400 60 1420 90 2560 150 3500 300 4500 250 5200 400 270 100 270 100 32 30 0 0 66 0 0 60 0 90 0 150 0 500 0 600 0 800 0 68 0 60
0 0 400 60 1420 90 2560 150 3500 300 4500 250 5200 400 270 100 270 100 32 30 0 0 66 0 0 60 0 90 0 150 0 500 0 600 0 800 0 68 0 60
0 0 411 60 1390 90 2440 150 3500 300 4500 250 5200 400 270 100 270 100 32 30 0 0 66 0 0 60 0 90 0 150 0 500 0 600 0 800 0 68 0 60
1123 26 428 60 1345 90 2260 150 3500 300 4500 250 5200 400 270 100 270 100 29 39 0 0 39 0 0 60 33 90 37 150 0 500 0 600 0 800 0 47 0 60
1120 39 444 60 1303 90 2090 150 3500 300 4500 250 5200 400 270 100 270 100 27 39 0 0 25 0 0 60 41 90 43 150 0 500 0 600 0 800 0 36 0 60
1118 46 460 60 1261 90 1925 150 3500 300 4500 250 5200 400 270 100 270 100 27 39 0 0 19 0 0 60 45 90 46 150 0 500 0 600 0 800 0 31 0 60
1115 49 475 60 1221 90 1762 150 3500 300 4500 250 5200 400 270 100 270 100 0 39 0 0 15 0 0 60 47 90 47 150 0 500 0 600 0 800 0 29 0 60
1112 50 482 60 1200 90 1681 150 3500 300 4500 250 5200 400 270 100 270 100 0 39 0 0 14 0 0 60 48 90 48 150 0 500 0 600 0 800 0 27 0 60
1109 51 486 60 1190 90 1641 150 3500 300 4500 250 5200 400 270 100 270 100 0 39 0 0 13 0 0 60 49 90 49 150 0 500 0 600 0 800 0 27 0 60
1106 52 488 60 1185 90 1620 150 3500 300 4500 250 5200 400 270 100 270 100 0 39 0 0 0 0 0 60 49 90 49 150 0 500 0 600 0 800 0 0 0 60
1103 52 465 60 1240 90 1690 150 3500 300 4500 250 5200 400 270 100 270 100 0 39 0 0 0 0 0 60 49 90 49 150 29 500 0 600 0 800 0 0 0 60
1100 52 430 60 1324 90 1805 150 3500 300 4500 250 5200 400 270 100 270 100 0 40 0 0 0 0 0 60 49 90 49 150 30 500 0 600 0 800 0 0 0 60
1097 52 388 60 1423 90 1943 150 3500 300 4500 250 5200 400 270 100 270 100 0 40 0 0 0 0 0 60 49 90 49 150 32 500 0 600 0 800 0 0 0 60
1094 52 343 60 1529 90 2091 150 3500 300 4500 250 5200 400 270 100 270 100 0 40 0 0 0 0 0 60 49 90 49 150 34 500 0 600 0 800 0 0 0 60
1171 57 296 60 1640 90 2246 150 3500 300 4500 250 5200 400 270 100 270 100 0 37 0 0 0 0 0 60 49 90 49 150 35 500 0 600 0 800 0 0 0 60
1167 59 273 60 1752 90 2403 150 3500 300 4500 250 5200 400 270 100 270 100 0 37 0 0 0 0 0 60 48 90 49 150 37 500 0 600 0 800 0 0 0 60
1163 61 262 60 1865 90 2561 150 3500 300 4500 250 5200 400 270 100 270 100 0 37 0 0 0 0 0 60 48 90 50 150 39 500 0 600 0 800 0 0 0 60
1158 61 256 60 1978 90 2721 150 3500 300 4500 250 5200 400 270 100 270 100 0 38 0 0 0 0 0 60 48 90 50 150 41 500 0 600 0 800 0 0 0 60
1154 62 253 60 2092 90 2880 150 3500 300 4500 250 5200 400 270 100 270 100 0 38 0 0 0 0 0 60 48 90 50 150 42 500 0 600 0 800 0 0 0 60
1150 62 251 60 2206 90 3040 150 3500 300 4500 250 5200 400 270 100 270 100 0 38 0 0 0 0 0 60 48 90 50 150 44 500 0 600 0 800 0 0 0 60
1146 62 251 60 2263 90 3120 150 3500 300 4500 250 5200 400 270 100 270 100 0 38 0 0 0 0 0 60 48 90 50 150 45 500 0 600 0 800 0 0 0 60
1142 62 250 60 2292 90 3160 150 3500 300 4500 250 5200 400 270 100 270 100 0 38 0 0 0 0 0 60 48 90 50 150 46 500 0 600 0 800 0 0 0 60
1138 62 250 60 2306 90 3180 150 3500 300 4500 250 5200 400 270 100 270 100 0 38 0 0 0 0 0 60 48 90 50 150 46 500 0 600 0 800 0 0 0 60
1133 62 250 60 2313 90 3190 150 3500 300 4500 250 5200 400 270 100 270 100 0 38 0 0 0 0 0 60 48 90 50 150 46 500 0 600 0 800 0 0 0 60
1129 62 250 60 2316 90 3195 150 3500 300 4500 250 5200 400 270 100 270 100 0 39 0 0 0 0 0 60 48 90 50 150 46 500 0 600 0 800 0 0 0 60
1125 31 250 60 2318 90 3198 150 3500 300 4500 250 5200 400 270 100 270 100 0 39 0 0 0 0 0 60 33 90 37 150 37 500 0 600 0 800 0 0 0 60
1121 15 290 60 2179 90 3082 150 3500 300 4500 250 5200 400 270 100 270 100 0 39 0 0 0 0 0 60 25 90 30 150 32 500 0 600 0 800 0 0 0 60
1117 8 350 60 1970 90 2908 150 3500 300 4500 250 5200 400 270 100 270 100 0 39 0 0 0 0 0 60 21 90 27 150 30 500 0 600 0 800 0 0 0 60
1113 4 420 60 1725 90 2704 150 3500 300 4500 250 5200 400 270 100 270 100 0 39 0 0 0 0 0 60 19 90 26 150 29 500 0 600 0 800 0 0 0 60
1109 2 405 60 1652 90 2632 150 3500 300 4500 250 5200 400 270 100 270 100 0 39 0 0 0 0 0 60 18 90 25 150 29 500 0 600 0 800 0 0 0 60
1104 1 348 60 1666 90 2626 150 3500 300 4500 250 5200 400 270 100 270 100 0 39 0 0 0 0 0 60 0 90 0 150 0 500 0 600 0 800 0 0 0 60
1100 0 269 60 1723 90 2653 150 3500 300 4500 250 5200 400 270 100 270 100 0 40 0 0 0 0 0 60 0 90 0 150 0 500 0 600 0 800 0 0 0 60
1096 0 229 60 1752 90 2666 150 3500 300 4500 250 5200 400 270 100 270 100 0 40 0 0 0 0 0 60 0 90 0 150 0 500 0 600 0 800 0 0 0 60
1092 0 210 60 1766 90 2673 150 3500 300 4500 250 5200 400 270 100 270 100 0 40 0 0 0 0 0 60 0 90 0 150 0 500 0 600 0 800 0 0 0 60
1088 0 200 60 1773 90 2677 150 3500 300 4500 250 5200 400 270 100 270 100 0 40 0 0 0 0 0 60 0 90 0 150 0 500 0 600 0 800 0 0 0 60
1084 0 195 60 1776 90 2678 150 3500 300 4500 250 5200 400 270 100 270 100 0 40 0 0 0 0 0 60 0 90 0 150 0 500 0 600 0 800 0 0 0 60
1079 0 192 60 1778 90 2679 150 3500 300 4500 250 5200 400 270 100 270 100 0 40 0 0 0 0 0 60 0 90 0 150 0 500 0 600 0 800 0 0 0 60
1075 0 191 60 1779 90 2680 150 3500 300 4500 250 5200 400 270 100 270 100 0 41 0 0 0 0 0 60 0 90 0 150 0 500 0 600 0 800 0 0 0 60
1071 0 191 60 1780 90 2680 150 3500 300 4500 250 5200 400 270 100 270 100 0 41 0 0 0 0 0 60 0 90 0 150 0 500 0 600 0 800 0 0 0 60
1067 25 190 60 1780 90 2680 150 3500 300 4500 250 5200 400 270 100 270 100 0 41 0 0 0 0 0 60 35 90 37 150 44 500 0 600 0 800 0 0 0 60
1063 37 190 60 1780 90 2680 150 3500 300 4500 250 5200 400 270 100 270 100 0 41 0 0 0 0 0 60 39 90 37 150 47 500 0 600 0 800 0 0 0 60
1138 47 295 60 1555 90 2680 150 3500 300 4500 250 5200 400 270 100 270 100 0 38 0 0 0 0 0 60 51 90 37 150 38 500 0 600 0 800 0 0 0 60
1134 53 400 60 1330 90 2635 150 3500 300 4500 250 5200 400 270 100 270 100 0 38 0 0 0 0 0 60 56 90 36 150 34 500 0 600 0 800 0 0 0 60
1130 55 505 60 1105 90 2567 150 3500 300 4500 250 5200 400 270 100 270 100 0 39 0 0 0 0 0 60 59 90 36 150 32 500 0 600 0 800 0 0 0 60
1125 57 558 60 992 90 2534 150 3500 300 4500 250 5200 400 270 100 270 100 0 39 0 0 0 0 0 60 61 90 36 150 31 500 0 600 0 800 0 0 0 60
1121 57 584 60 936 90 2517 150 3500 300 4500 250 5200 400 270 100 270 100 0 39 0 0 0 0 0 60 61 90 36 150 31 500 0 600 0 800 0 0 0 60
1117 58 597 60 908 90 2508 150 3500 300 4500 250 5200 400 270 100 270 100 0 39 0 0 0 0 0 60 62 90 36 150 30 500 0 600 0 800 0 0 0 60
1112 58 603 60 894 90 2504 150 3500 300 4500 250 5200 400 270 100 270 100 0 39 0 0 0 0 0 60 62 90 36 150 30 500 0 600 0 800 0 0 0 60
1108 58 579 60 957 90 2502 150 3500 300 4500 250 5200 400 270 100 270 100 0 39 0 0 0 0 0 60 62 90 36 150 30 500 0 600 0 800 0 0 0 60
1103 58 540 60 1059 90 2501 150 3500 300 4500 250 5200 400 270 100 270 100 0 39 0 0 0 0 0 60 62 90 36 150 30 500 0 600 0 800 0 0 0 60
1099 49 492 60 1179 90 2501 150 3500 300 4500 250 5200 400 270 100 270 100 0 40 0 0 42 0 0 60 50 90 37 150 41 500 0 600 0 800 0 0 0 60
1095 44 417 60 1371 90 2519 150 3500 300 4500 250 5200 400 270 100 270 100 0 40 0 0 57 0 0 60 45 90 38 150 46 500 0 600 0 800 0 0 0 60
1090 42 349 60 1545 90 2540 150 3500 300 4500 250 5200 400 270 100 270 100 0 40 0 0 65 0 0 60 42 90 38 150 48 500 0 600 0 800 0 0 0 60
1086 41 314 60 1633 90 2550 150 3500 300 4500 250 5200 400 270 100 270 100 0 40 0 0 68 0 0 60 40 90 38 150 50 500 0 600 0 800 0 0 0 60
1081 21 297 60 1676 90 2555 150 3500 300 4500 250 5200 400 270 100 270 100 0 40 0 0 40 0 0 60 29 90 31 150 39 500 0 600 0 800 0 0 0 60
1077 10 324 60 1658 90 2547 150 3500 300 4500 250 5200 400 270 100 270 100 0 40 0 0 26 0 0 60 23 90 27 150 33 500 0 600 0 800 0 0 0 60
1073 5 372 60 1609 90 2534 150 3500 300 4500 250 5200 400 270 100 270 100 0 41 0 0 19 0 0 60 20 90 26 150 31 500 0 600 0 800 0 0 0 60
1068 3 431 60 1545 90 2517 150 3500 300 4500 250 5200 400 270 100 270 100 0 41 0 0 16 0 0 60 18 90 25 150 29 500 0 600 0 800 0 0 0 60
1064 1 460 60 1512 90 2508 150 3500 300 4500 250 5200 400 270 100 270 100 0 41 0 0 14 0 0 60 18 90 0 150 29 500 0 600 0 800 0 0 0 60
1059 1 475 60 1496 90 2504 150 3500 300 4500 250 5200 400 270 100 270 100 0 41 0 0 13 0 0 60 0 90 0 150 0 500 0 600 0 800 0 0 0 60
0 0 483 60 1488 90 2502 150 3500 300 4500 250 5200 400 270 100 270 100 0 30 0 0 0 0 0 60 0 90 0 150 0 500 0 600 0 800 0 0 0 60
0 0 486 60 1484 90 2501 150 3500 300 4500 250 5200 400 270 100 270 100 0 30 0 0 0 0 0 60 0 90 0 150 0 500 0 600 0 800 0 0 0 60
0 0 488 60 1482 90 2501 150 3500 300 4500 250 5200 400 270 100 270 100 0 30 0 0 0 0 0 60 0 90 0 150 0 500 0 600 0 800 0 0 0 60
0 0 489 60 1481 90 2500 150 3500 300 4500 250 5200 400 270 100 270 100 0 30 0 0 0 0 0 60 0 90 0 150 0 500 0 600 0 800 0 0 0 60
0 0 490 60 1481 90 2500 150 3500 300 4500 250 5200 400 270 100 270 100 0 30 0 0 0 0 0 60 0 90 0 150 0 500 0 600 0 800 0 0 0 60
0 0 490 60 1480 90 2500 150 3500 300 4500 250 5200 400 270 100 270 100 0 30 0 0 0 0 0 60 0 90 0 150 0 500 0 600 0 800 0 0 0 60
0 0 490 60 1480 90 2500 150 3500 300 4500 250 5200 400 270 100 270 100 0 30 0 0 0 0 0 60 0 90 0 150 0 500 0 600 0 800 0 0 0 60
0 0 490 60 1480 90 2500 150 3500 300 4500 250 5200 400 270 100 270 100 0 30 0 0 0 0 0 60 0 90 0 150 0 500 0 600 0 800 0 0 0 60
0 0 490 60 1480 90 2500 150 3500 300 4500 250 5200 400 270 100 270 100 0 30 0 0 0 0 0 60 0 90 0 150 0 500 0 600 0 800 0 0 0 60
0 0 490 60 1480 90 2500 150 3500 300 4500 250 5200 400 270 100 270 100 0 30 0 0 0 0 0 60 0 90 0 150 0 500 0 600 0 800 0 0 0 60
0 0 490 60 1480 90 2500 150 3500 300 4500 250 5200 400 270 100 270 100 0 30 0 0 0 0 0 60 0 90 0 150 0 500 0 600 0 800 0 0 0 60
0 0 490 60 1480 90 2500 150 3500 300 4500 250 5200 400 270 100 270 100 0 30 0 0 0 0 0 60 0 90 0 150 0 500 0 600 0 800 0 0 0 60
0 0 490 60 1480 90 2500 150 3500 300 4500 250 5200 400 270 100 270 100 0 30 0 0 0 0 0 60 0 90 0 150 0 500 0 600 0 800 0 0 0 60
0 0 490 60 1480 90 2500 150 3500 300 4500 250 5200 400 270 100 270 100 0 30 0 0 0 0 0 60 0 90 0 150 0 500 0 600 0 800 0 0 0 60
0 0 490 60 1480 90 2500 150 3500 300 4500 250 5200 400 270 100 270 100 0 30 0 0 0 0 0 60 0 90 0 150 0 500 0 600 0 800 0 0 0 60
0 0 490 60 1480 90 2500 150 3500 300 4500 250 5200 400 270 100 270 100 0 30 0 0 0 0 0 60 0 90 0 150 0 500 0 600 0 800 0 0 0 60
