0 0 500 60 1500 90 2500 150 3500 300 4700 200 4990 500 270 100 270 100 0 30 0 0 0 0 0 60 0 90 0 150 0 300 0 200 0 500 0 0 0 60
0 0 500 60 1500 90 2500 150 3500 300 4700 200 4990 500 270 100 270 100 0 30 0 0 0 0 0 60 0 90 0 150 0 300 0 200 0 500 0 0 0 60
0 0 500 60 1500 90 2500 150 3500 300 4700 200 4990 500 270 100 270 100 0 30 0 0 0 0 0 60 0 90 0 150 0 300 0 200 0 500 0 0 0 60
0 0 500 60 1500 90 2500 150 3500 300 4700 200 4990 500 270 100 270 100 0 30 0 0 0 0 0 60 0 90 0 150 0 300 0 200 0 500 0 0 0 60
0 0 500 60 1500 90 2500 150 3500 300 4700 200 4990 500 270 100 270 100 0 30 0 0 0 0 0 60 0 90 0 150 0 300 0 200 0 500 0 0 0 60
0 0 500 60 1500 90 2500 150 3500 300 4700 200 4990 500 270 100 270 100 0 30 0 0 0 0 0 60 0 90 0 150 0 300 0 200 0 500 0 0 0 60
0 0 500 60 1500 90 2500 150 3500 300 4700 200 4990 500 270 100 270 100 0 30 0 0 0 0 0 60 0 90 0 150 0 300 0 200 0 500 0 0 0 60
0 0 500 60 1500 90 2500 150 3500 300 4700 200 4990 500 270 100 270 100 0 30 0 0 0 0 0 60 0 90 0 150 0 300 0 200 0 500 0 0 0 60
0 0 500 60 1500 90 2500 150 3500 300 4700 200 4990 500 270 100 270 100 0 30 0 0 0 0 0 60 0 90 0 150 0 300 0 200 0 500 0 0 0 60
0 0 500 60 1500 90 2500 150 3500 300 4700 200 4990 500 270 100 270 100 0 30 0 0 0 0 0 60 0 90 0 150 0 300 0 200 0 500 0 0 0 60
1300 60 730 60 1090 90 2440 150 3500 300 4700 200 4990 500 270 100 270 100 0 33 0 0 0 0 0 60 0 90 0 150 0 300 0 200 0 500 0 0 0 60
1297 60 730 60 1090 90 2440 150 3500 300 4700 200 4990 500 270 100 270 100 0 34 0 0 0 0 0 60 0 90 0 150 0 300 0 200 0 500 0 0 0 60
1294 60 730 60 1090 90 2440 150 3500 300 4700 200 4990 500 270 100 270 100 0 34 0 0 0 0 0 60 0 90 0 150 0 300 0 200 0 500 0 0 0 60
1291 60 730 60 1090 90 2440 150 3500 300 4700 200 4990 500 270 100 270 100 0 34 0 0 0 0 0 60 0 90 0 150 0 300 0 200 0 500 0 0 0 60
1288 60 730 60 1090 90 2440 150 3500 300 4700 200 4990 500 270 100 270 100 0 34 0 0 0 0 0 60 0 90 0 150 0 300 0 200 0 500 0 0 0 60
1285 60 730 60 1090 90 2440 150 3500 300 4700 200 4990 500 270 100 270 100 0 34 0 0 0 0 0 60 0 90 0 150 0 300 0 200 0 500 0 0 0 60
1282 60 730 60 1090 90 2440 150 3500 300 4700 200 4990 500 270 100 270 100 0 34 0 0 0 0 0 60 0 90 0 150 0 300 0 200 0 500 0 0 0 60
1279 60 730 60 1090 90 2440 150 3500 300 4700 200 4990 500 270 100 270 100 0 34 0 0 0 0 0 60 0 90 0 150 0 300 0 200 0 500 0 0 0 60
1276 60 730 60 1090 90 2440 150 3500 300 4700 200 4990 500 270 100 270 100 0 34 0 0 0 0 0 60 0 90 0 150 0 300 0 200 0 500 0 0 0 60
1273 60 730 60 1090 90 2440 150 3500 300 4700 200 4990 500 270 100 270 100 0 34 0 0 0 0 0 60 0 90 0 150 0 300 0 200 0 500 0 0 0 60
1270 60 730 60 1090 90 2440 150 3500 300 4700 200 4990 500 270 100 270 100 0 34 0 0 0 0 0 60 0 90 0 150 0 300 0 200 0 500 0 0 0 60
1267 60 730 60 1090 90 2440 150 3500 300 4700 200 4990 500 270 100 270 100 0 34 0 0 0 0 0 60 0 90 0 150 0 300 0 200 0 500 0 0 0 60
1264 60 730 60 1090 90 2440 150 3500 300 4700 200 4990 500 270 100 270 100 0 34 0 0 0 0 0 60 0 90 0 150 0 300 0 200 0 500 0 0 0 60
1261 60 730 60 1090 90 2440 150 3500 300 4700 200 4990 500 270 100 270 100 0 34 0 0 0 0 0 60 0 90 0 150 0 300 0 200 0 500 0 0 0 60
1258 60 730 60 1090 90 2440 150 3500 300 4700 200 4990 500 270 100 270 100 0 35 0 0 0 0 0 60 0 90 0 150 0 300 0 200 0 500 0 0 0 60
1255 60 730 60 1090 90 2440 150 3500 300 4700 200 4990 500 270 100 270 100 0 35 0 0 0 0 0 60 0 90 0 150 0 300 0 200 0 500 0 0 0 60
1252 60 730 60 1090 90 2440 150 3500 300 4700 200 4990 500 270 100 270 100 0 35 0 0 0 0 0 60 0 90 0 150 0 300 0 200 0 500 0 0 0 60
1249 60 730 60 1090 90 2440 150 3500 300 4700 200 4990 500 270 100 270 100 0 35 0 0 0 0 0 60 0 90 0 150 0 300 0 200 0 500 0 0 0 60
1246 60 730 60 1090 90 2440 150 3500 300 4700 200 4990 500 270 100 270 100 0 35 0 0 0 0 0 60 0 90 0 150 0 300 0 200 0 500 0 0 0 60
1243 60 730 60 1090 90 2440 150 3500 300 4700 200 4990 500 270 100 270 100 0 35 0 0 0 0 0 60 0 90 0 150 0 300 0 200 0 500 0 0 0 60
1240 60 730 60 1090 90 2440 150 3500 300 4700 200 4990 500 270 100 270 100 0 35 0 0 0 0 0 60 0 90 0 150 0 300 0 200 0 500 0 0 0 60
1237 60 730 60 1090 90 2440 150 3500 300 4700 200 4990 500 270 100 270 100 0 35 0 0 0 0 0 60 0 90 0 150 0 300 0 200 0 500 0 0 0 60
1234 60 730 60 1090 90 2440 150 3500 300 4700 200 4990 500 270 100 270 100 0 35 0 0 0 0 0 60 0 90 0 150 0 300 0 200 0 500 0 0 0 60
1231 60 730 60 1090 90 2440 150 3500 300 4700 200 4990 500 270 100 270 100 0 35 0 0 0 0 0 60 0 90 0 150 0 300 0 200 0 500 0 0 0 60
1228 60 730 60 1090 90 2440 150 3500 300 4700 200 4990 500 270 100 270 100 0 35 0 0 0 0 0 60 0 90 0 150 0 300 0 200 0 500 0 0 0 60
1225 60 730 60 1090 90 2440 150 3500 300 4700 200 4990 500 270 100 270 100 0 36 0 0 0 0 0 60 0 90 0 150 0 300 0 200 0 500 0 0 0 60
1222 60 730 60 1090 90 2440 150 3500 300 4700 200 4990 500 270 100 270 100 0 36 0 0 0 0 0 60 0 90 0 150 0 300 0 200 0 500 0 0 0 60
1219 60 730 60 1090 90 2440 150 3500 300 4700 200 4990 500 270 100 270 100 0 36 0 0 0 0 0 60 0 90 0 150 0 300 0 200 0 500 0 0 0 60
1216 60 730 60 1090 90 2440 150 3500 300 4700 200 4990 500 270 100 270 100 0 36 0 0 0 0 0 60 0 90 0 150 0 300 0 200 0 500 0 0 0 60
1213 60 730 60 1090 90 2440 150 3500 300 4700 200 4990 500 270 100 270 100 0 36 0 0 0 0 0 60 0 90 0 150 0 300 0 200 0 500 0 0 0 60
1210 60 270 60 2290 90 3010 150 3500 300 4700 200 4990 500 270 100 270 100 0 36 0 0 0 0 0 60 0 90 0 150 0 300 0 200 0 500 0 0 0 60
1207 60 270 60 2290 90 3010 150 3500 300 4700 200 4990 500 270 100 270 100 0 36 0 0 0 0 0 60 0 90 0 150 0 300 0 200 0 500 0 0 0 60
1204 60 270 60 2290 90 3010 150 3500 300 4700 200 4990 500 270 100 270 100 0 36 0 0 0 0 0 60 0 90 0 150 0 300 0 200 0 500 0 0 0 60
1201 60 270 60 2290 90 3010 150 3500 300 4700 200 4990 500 270 100 270 100 0 36 0 0 0 0 0 60 0 90 0 150 0 300 0 200 0 500 0 0 0 60
1198 60 270 60 2290 90 3010 150 3500 300 4700 200 4990 500 270 100 270 100 0 36 0 0 0 0 0 60 0 90 0 150 0 300 0 200 0 500 0 0 0 60
1195 60 270 60 2290 90 3010 150 3500 300 4700 200 4990 500 270 100 270 100 0 36 0 0 0 0 0 60 0 90 0 150 0 300 0 200 0 500 0 0 0 60
1192 60 270 60 2290 90 3010 150 3500 300 4700 200 4990 500 270 100 270 100 0 36 0 0 0 0 0 60 0 90 0 150 0 300 0 200 0 500 0 0 0 60
1189 60 270 60 2290 90 3010 150 3500 300 4700 200 4990 500 270 100 270 100 0 37 0 0 0 0 0 60 0 90 0 150 0 300 0 200 0 500 0 0 0 60
1186 60 270 60 2290 90 3010 150 3500 300 4700 200 4990 500 270 100 270 100 0 37 0 0 0 0 0 60 0 90 0 150 0 300 0 200 0 500 0 0 0 60
1183 60 270 60 2290 90 3010 150 3500 300 4700 200 4990 500 270 100 270 100 0 37 0 0 0 0 0 60 0 90 0 150 0 300 0 200 0 500 0 0 0 60
1180 60 270 60 2290 90 3010 150 3500 300 4700 200 4990 500 270 100 270 100 0 37 0 0 0 0 0 60 0 90 0 150 0 300 0 200 0 500 0 0 0 60
1177 60 270 60 2290 90 3010 150 3500 300 4700 200 4990 500 270 100 270 100 0 37 0 0 0 0 0 60 0 90 0 150 0 300 0 200 0 500 0 0 0 60
1174 60 270 60 2290 90 3010 150 3500 300 4700 200 4990 500 270 100 270 100 0 37 0 0 0 0 0 60 0 90 0 150 0 300 0 200 0 500 0 0 0 60
1171 60 270 60 2290 90 3010 150 3500 300 4700 200 4990 500 270 100 270 100 0 37 0 0 0 0 0 60 0 90 0 150 0 300 0 200 0 500 0 0 0 60
1168 60 270 60 2290 90 3010 150 3500 300 4700 200 4990 500 270 100 270 100 0 37 0 0 0 0 0 60 0 90 0 150 0 300 0 200 0 500 0 0 0 60
1165 60 270 60 2290 90 3010 150 3500 300 4700 200 4990 500 270 100 270 100 0 37 0 0 0 0 0 60 0 90 0 150 0 300 0 200 0 500 0 0 0 60
1162 60 270 60 2290 90 3010 150 3500 300 4700 200 4990 500 270 100 270 100 0 37 0 0 0 0 0 60 0 90 0 150 0 300 0 200 0 500 0 0 0 60
1159 60 270 60 2290 90 3010 150 3500 300 4700 200 4990 500 270 100 270 100 0 38 0 0 0 0 0 60 0 90 0 150 0 300 0 200 0 500 0 0 0 60
1156 60 270 60 2290 90 3010 150 3500 300 4700 200 4990 500 270 100 270 100 0 38 0 0 0 0 0 60 0 90 0 150 0 300 0 200 0 500 0 0 0 60
1153 60 270 60 2290 90 3010 150 3500 300 4700 200 4990 500 270 100 270 100 0 38 0 0 0 0 0 60 0 90 0 150 0 300 0 200 0 500 0 0 0 60
1150 60 270 60 2290 90 3010 150 3500 300 4700 200 4990 500 270 100 270 100 0 38 0 0 0 0 0 60 0 90 0 150 0 300 0 200 0 500 0 0 0 60
1147 60 270 60 2290 90 3010 150 3500 300 4700 200 4990 500 270 100 270 100 0 38 0 0 0 0 0 60 0 90 0 150 0 300 0 200 0 500 0 0 0 60
1144 60 270 60 2290 90 3010 150 3500 300 4700 200 4990 500 270 100 270 100 0 38 0 0 0 0 0 60 0 90 0 150 0 300 0 200 0 500 0 0 0 60
1141 60 270 60 2290 90 3010 150 3500 300 4700 200 4990 500 270 100 270 100 0 38 0 0 0 0 0 60 0 90 0 150 0 300 0 200 0 500 0 0 0 60
1138 60 270 60 2290 90 3010 150 3500 300 4700 200 4990 500 270 100 270 100 0 38 0 0 0 0 0 60 0 90 0 150 0 300 0 200 0 500 0 0 0 60
1135 60 270 60 2290 90 3010 150 3500 300 4700 200 4990 500 270 100 270 100 0 38 0 0 0 0 0 60 0 90 0 150 0 300 0 200 0 500 0 0 0 60
1132 60 270 60 2290 90 3010 150 3500 300 4700 200 4990 500 270 100 270 100 0 38 0 0 0 0 0 60 0 90 0 150 0 300 0 200 0 500 0 0 0 60
1129 60 270 60 2290 90 3010 150 3500 300 4700 200 4990 500 270 100 270 100 0 39 0 0 0 0 0 60 0 90 0 150 0 300 0 200 0 500 0 0 0 60
1126 60 270 60 2290 90 3010 150 3500 300 4700 200 4990 500 270 100 270 100 0 39 0 0 0 0 0 60 0 90 0 150 0 300 0 200 0 500 0 0 0 60
1123 60 270 60 2290 90 3010 150 3500 300 4700 200 4990 500 270 100 270 100 0 39 0 0 0 0 0 60 0 90 0 150 0 300 0 200 0 500 0 0 0 60
1120 60 300 60 870 90 2240 150 3500 300 4700 200 4990 500 270 100 270 100 0 39 0 0 0 0 0 60 0 90 0 150 0 300 0 200 0 500 0 0 0 60
1117 60 300 60 870 90 2240 150 3500 300 4700 200 4990 500 270 100 270 100 0 39 0 0 0 0 0 60 0 90 0 150 0 300 0 200 0 500 0 0 0 60
1114 60 300 60 870 90 2240 150 3500 300 4700 200 4990 500 270 100 270 100 0 39 0 0 0 0 0 60 0 90 0 150 0 300 0 200 0 500 0 0 0 60
1111 60 300 60 870 90 2240 150 3500 300 4700 200 4990 500 270 100 270 100 0 39 0 0 0 0 0 60 0 90 0 150 0 300 0 200 0 500 0 0 0 60
1108 60 300 60 870 90 2240 150 3500 300 4700 200 4990 500 270 100 270 100 0 39 0 0 0 0 0 60 0 90 0 150 0 300 0 200 0 500 0 0 0 60
1105 60 300 60 870 90 2240 150 3500 300 4700 200 4990 500 270 100 270 100 0 39 0 0 0 0 0 60 0 90 0 150 0 300 0 200 0 500 0 0 0 60
1102 60 300 60 870 90 2240 150 3500 300 4700 200 4990 500 270 100 270 100 0 40 0 0 0 0 0 60 0 90 0 150 0 300 0 200 0 500 0 0 0 60
1099 60 300 60 870 90 2240 150 3500 300 4700 200 4990 500 270 100 270 100 0 40 0 0 0 0 0 60 0 90 0 150 0 300 0 200 0 500 0 0 0 60
1096 60 300 60 870 90 2240 150 3500 300 4700 200 4990 500 270 100 270 100 0 40 0 0 0 0 0 60 0 90 0 150 0 300 0 200 0 500 0 0 0 60
1093 60 300 60 870 90 2240 150 3500 300 4700 200 4990 500 270 100 270 100 0 40 0 0 0 0 0 60 0 90 0 150 0 300 0 200 0 500 0 0 0 60
1090 60 300 60 870 90 2240 150 3500 300 4700 200 4990 500 270 100 270 100 0 40 0 0 0 0 0 60 0 90 0 150 0 300 0 200 0 500 0 0 0 60
1087 60 300 60 870 90 2240 150 3500 300 4700 200 4990 500 270 100 270 100 0 40 0 0 0 0 0 60 0 90 0 150 0 300 0 200 0 500 0 0 0 60
1084 60 300 60 870 90 2240 150 3500 300 4700 200 4990 500 270 100 270 100 0 40 0 0 0 0 0 60 0 90 0 150 0 300 0 200 0 500 0 0 0 60
1081 60 300 60 870 90 2240 150 3500 300 4700 200 4990 500 270 100 270 100 0 40 0 0 0 0 0 60 0 90 0 150 0 300 0 200 0 500 0 0 0 60
1078 60 300 60 870 90 2240 150 3500 300 4700 200 4990 500 270 100 270 100 0 40 0 0 0 0 0 60 0 90 0 150 0 300 0 200 0 500 0 0 0 60
1075 60 300 60 870 90 2240 150 3500 300 4700 200 4990 500 270 100 270 100 0 41 0 0 0 0 0 60 0 90 0 150 0 300 0 200 0 500 0 0 0 60
1072 60 300 60 870 90 2240 150 3500 300 4700 200 4990 500 270 100 270 100 0 41 0 0 0 0 0 60 0 90 0 150 0 300 0 200 0 500 0 0 0 60
1069 60 300 60 870 90 2240 150 3500 300 4700 200 4990 500 270 100 270 100 0 41 0 0 0 0 0 60 0 90 0 150 0 300 0 200 0 500 0 0 0 60
1066 60 300 60 870 90 2240 150 3500 300 4700 200 4990 500 270 100 270 100 0 41 0 0 0 0 0 60 0 90 0 150 0 300 0 200 0 500 0 0 0 60
1063 60 300 60 870 90 2240 150 3500 300 4700 200 4990 500 270 100 270 100 0 41 0 0 0 0 0 60 0 90 0 150 0 300 0 200 0 500 0 0 0 60
1060 60 300 60 870 90 2240 150 3500 300 4700 200 4990 500 270 100 270 100 0 41 0 0 0 0 0 60 0 90 0 150 0 300 0 200 0 500 0 0 0 60
1057 60 300 60 870 90 2240 150 3500 300 4700 200 4990 500 270 100 270 100 0 41 0 0 0 0 0 60 0 90 0 150 0 300 0 200 0 500 0 0 0 60
1054 60 300 60 870 90 2240 150 3500 300 4700 200 4990 500 270 100 270 100 0 41 0 0 0 0 0 60 0 90 0 150 0 300 0 200 0 500 0 0 0 60
1051 60 300 60 870 90 2240 150 3500 300 4700 200 4990 500 270 100 270 100 0 41 0 0 0 0 0 60 0 90 0 150 0 300 0 200 0 500 0 0 0 60
1048 60 300 60 870 90 2240 150 3500 300 4700 200 4990 500 270 100 270 100 0 42 0 0 0 0 0 60 0 90 0 150 0 300 0 200 0 500 0 0 0 60
1045 60 300 60 870 90 2240 150 3500 300 4700 200 4990 500 270 100 270 100 0 42 0 0 0 0 0 60 0 90 0 150 0 300 0 200 0 500 0 0 0 60
1042 60 300 60 870 90 2240 150 3500 300 4700 200 4990 500 270 100 270 100 0 42 0 0 0 0 0 60 0 90 0 150 0 300 0 200 0 500 0 0 0 60
1039 60 300 60 870 90 2240 150 3500 300 4700 200 4990 500 270 100 270 100 0 42 0 0 0 0 0 60 0 90 0 150 0 300 0 200 0 500 0 0 0 60
1036 60 300 60 870 90 2240 150 3500 300 4700 200 4990 500 270 100 270 100 0 42 0 0 0 0 0 60 0 90 0 150 0 300 0 200 0 500 0 0 0 60
1033 60 300 60 870 90 2240 150 3500 300 4700 200 4990 500 270 100 270 100 0 42 0 0 0 0 0 60 0 90 0 150 0 300 0 200 0 500 0 0 0 60
1030 60 530 60 1840 90 2480 150 3500 300 4700 200 4990 500 270 100 270 100 0 42 0 0 0 0 0 60 0 90 0 150 0 300 0 200 0 500 0 0 0 60
1027 60 530 60 1840 90 2480 150 3500 300 4700 200 4990 500 270 100 270 100 0 42 0 0 0 0 0 60 0 90 0 150 0 300 0 200 0 500 0 0 0 60
1024 60 530 60 1840 90 2480 150 3500 300 4700 200 4990 500 270 100 270 100 0 43 0 0 0 0 0 60 0 90 0 150 0 300 0 200 0 500 0 0 0 60
1021 60 530 60 1840 90 2480 150 3500 300 4700 200 4990 500 270 100 270 100 0 43 0 0 0 0 0 60 0 90 0 150 0 300 0 200 0 500 0 0 0 60
1018 60 530 60 1840 90 2480 150 3500 300 4700 200 4990 500 270 100 270 100 0 43 0 0 0 0 0 60 0 90 0 150 0 300 0 200 0 500 0 0 0 60
1015 60 530 60 1840 90 2480 150 3500 300 4700 200 4990 500 270 100 270 100 0 43 0 0 0 0 0 60 0 90 0 150 0 300 0 200 0 500 0 0 0 60
1012 60 530 60 1840 90 2480 150 3500 300 4700 200 4990 500 270 100 270 100 0 43 0 0 0 0 0 60 0 90 0 150 0 300 0 200 0 500 0 0 0 60
1009 60 530 60 1840 90 2480 150 3500 300 4700 200 4990 500 270 100 270 100 0 43 0 0 0 0 0 60 0 90 0 150 0 300 0 200 0 500 0 0 0 60
1006 60 530 60 1840 90 2480 150 3500 300 4700 200 4990 500 270 100 270 100 0 43 0 0 0 0 0 60 0 90 0 150 0 300 0 200 0 500 0 0 0 60
1003 60 530 60 1840 90 2480 150 3500 300 4700 200 4990 500 270 100 270 100 0 43 0 0 0 0 0 60 0 90 0 150 0 300 0 200 0 500 0 0 0 60
1000 60 530 60 1840 90 2480 150 3500 300 4700 200 4990 500 270 100 270 100 0 44 0 0 0 0 0 60 0 90 0 150 0 300 0 200 0 500 0 0 0 60
997 60 530 60 1840 90 2480 150 3500 300 4700 200 4990 500 270 100 270 100 0 44 0 0 0 0 0 60 0 90 0 150 0 300 0 200 0 500 0 0 0 60
994 60 530 60 1840 90 2480 150 3500 300 4700 200 4990 500 270 100 270 100 0 44 0 0 0 0 0 60 0 90 0 150 0 300 0 200 0 500 0 0 0 60
991 60 530 60 1840 90 2480 150 3500 300 4700 200 4990 500 270 100 270 100 0 44 0 0 0 0 0 60 0 90 0 150 0 300 0 200 0 500 0 0 0 60
988 60 530 60 1840 90 2480 150 3500 300 4700 200 4990 500 270 100 270 100 0 44 0 0 0 0 0 60 0 90 0 150 0 300 0 200 0 500 0 0 0 60
985 60 530 60 1840 90 2480 150 3500 300 4700 200 4990 500 270 100 270 100 0 44 0 0 0 0 0 60 0 90 0 150 0 300 0 200 0 500 0 0 0 60
982 60 530 60 1840 90 2480 150 3500 300 4700 200 4990 500 270 100 270 100 0 44 0 0 0 0 0 60 0 90 0 150 0 300 0 200 0 500 0 0 0 60
979 60 530 60 1840 90 2480 150 3500 300 4700 200 4990 500 270 100 270 100 0 45 0 0 0 0 0 60 0 90 0 150 0 300 0 200 0 500 0 0 0 60
976 60 530 60 1840 90 2480 150 3500 300 4700 200 4990 500 270 100 270 100 0 45 0 0 0 0 0 60 0 90 0 150 0 300 0 200 0 500 0 0 0 60
973 60 530 60 1840 90 2480 150 3500 300 4700 200 4990 500 270 100 270 100 0 45 0 0 0 0 0 60 0 90 0 150 0 300 0 200 0 500 0 0 0 60
970 60 530 60 1840 90 2480 150 3500 300 4700 200 4990 500 270 100 270 100 0 45 0 0 0 0 0 60 0 90 0 150 0 300 0 200 0 500 0 0 0 60
967 60 530 60 1840 90 2480 150 3500 300 4700 200 4990 500 270 100 270 100 0 45 0 0 0 0 0 60 0 90 0 150 0 300 0 200 0 500 0 0 0 60
964 60 530 60 1840 90 2480 150 3500 300 4700 200 4990 500 270 100 270 100 0 45 0 0 0 0 0 60 0 90 0 150 0 300 0 200 0 500 0 0 0 60
961 60 530 60 1840 90 2480 150 3500 300 4700 200 4990 500 270 100 270 100 0 45 0 0 0 0 0 60 0 90 0 150 0 300 0 200 0 500 0 0 0 60
958 60 530 60 1840 90 2480 150 3500 300 4700 200 4990 500 270 100 270 100 0 46 0 0 0 0 0 60 0 90 0 150 0 300 0 200 0 500 0 0 0 60
955 60 530 60 1840 90 2480 150 3500 300 4700 200 4990 500 270 100 270 100 0 46 0 0 0 0 0 60 0 90 0 150 0 300 0 200 0 500 0 0 0 60
952 60 530 60 1840 90 2480 150 3500 300 4700 200 4990 500 270 100 270 100 0 46 0 0 0 0 0 60 0 90 0 150 0 300 0 200 0 500 0 0 0 60
949 60 530 60 1840 90 2480 150 3500 300 4700 200 4990 500 270 100 270 100 0 46 0 0 0 0 0 60 0 90 0 150 0 300 0 200 0 500 0 0 0 60
946 60 530 60 1840 90 2480 150 3500 300 4700 200 4990 500 270 100 270 100 0 46 0 0 0 0 0 60 0 90 0 150 0 300 0 200 0 500 0 0 0 60
943 60 530 60 1840 90 2480 150 3500 300 4700 200 4990 500 270 100 270 100 0 46 0 0 0 0 0 60 0 90 0 150 0 300 0 200 0 500 0 0 0 60
940 60 570 60 840 90 2410 150 3500 300 4700 200 4990 500 270 100 270 100 0 46 0 0 0 0 0 60 0 90 0 150 0 300 0 200 0 500 0 0 0 60
937 60 570 60 840 90 2410 150 3500 300 4700 200 4990 500 270 100 270 100 0 47 0 0 0 0 0 60 0 90 0 150 0 300 0 200 0 500 0 0 0 60
934 60 570 60 840 90 2410 150 3500 300 4700 200 4990 500 270 100 270 100 0 47 0 0 0 0 0 60 0 90 0 150 0 300 0 200 0 500 0 0 0 60
931 60 570 60 840 90 2410 150 3500 300 4700 200 4990 500 270 100 270 100 0 47 0 0 0 0 0 60 0 90 0 150 0 300 0 200 0 500 0 0 0 60
928 60 570 60 840 90 2410 150 3500 300 4700 200 4990 500 270 100 270 100 0 47 0 0 0 0 0 60 0 90 0 150 0 300 0 200 0 500 0 0 0 60
925 60 570 60 840 90 2410 150 3500 300 4700 200 4990 500 270 100 270 100 0 47 0 0 0 0 0 60 0 90 0 150 0 300 0 200 0 500 0 0 0 60
922 60 570 60 840 90 2410 150 3500 300 4700 200 4990 500 270 100 270 100 0 47 0 0 0 0 0 60 0 90 0 150 0 300 0 200 0 500 0 0 0 60
919 60 570 60 840 90 2410 150 3500 300 4700 200 4990 500 270 100 270 100 0 47 0 0 0 0 0 60 0 90 0 150 0 300 0 200 0 500 0 0 0 60
916 60 570 60 840 90 2410 150 3500 300 4700 200 4990 500 270 100 270 100 0 48 0 0 0 0 0 60 0 90 0 150 0 300 0 200 0 500 0 0 0 60
913 60 570 60 840 90 2410 150 3500 300 4700 200 4990 500 270 100 270 100 0 48 0 0 0 0 0 60 0 90 0 150 0 300 0 200 0 500 0 0 0 60
910 60 570 60 840 90 2410 150 3500 300 4700 200 4990 500 270 100 270 100 0 48 0 0 0 0 0 60 0 90 0 150 0 300 0 200 0 500 0 0 0 60
907 60 570 60 840 90 2410 150 3500 300 4700 200 4990 500 270 100 270 100 0 48 0 0 0 0 0 60 0 90 0 150 0 300 0 200 0 500 0 0 0 60
904 60 570 60 840 90 2410 150 3500 300 4700 200 4990 500 270 100 270 100 0 48 0 0 0 0 0 60 0 90 0 150 0 300 0 200 0 500 0 0 0 60
901 60 570 60 840 90 2410 150 3500 300 4700 200 4990 500 270 100 270 100 0 48 0 0 0 0 0 60 0 90 0 150 0 300 0 200 0 500 0 0 0 60
898 60 570 60 840 90 2410 150 3500 300 4700 200 4990 500 270 100 270 100 0 49 0 0 0 0 0 60 0 90 0 150 0 300 0 200 0 500 0 0 0 60
895 60 570 60 840 90 2410 150 3500 300 4700 200 4990 500 270 100 270 100 0 49 0 0 0 0 0 60 0 90 0 150 0 300 0 200 0 500 0 0 0 60
892 60 570 60 840 90 2410 150 3500 300 4700 200 4990 500 270 100 270 100 0 49 0 0 0 0 0 60 0 90 0 150 0 300 0 200 0 500 0 0 0 60
889 60 570 60 840 90 2410 150 3500 300 4700 200 4990 500 270 100 270 100 0 49 0 0 0 0 0 60 0 90 0 150 0 300 0 200 0 500 0 0 0 60
886 60 570 60 840 90 2410 150 3500 300 4700 200 4990 500 270 100 270 100 0 49 0 0 0 0 0 60 0 90 0 150 0 300 0 200 0 500 0 0 0 60
883 60 570 60 840 90 2410 150 3500 300 4700 200 4990 500 270 100 270 100 0 49 0 0 0 0 0 60 0 90 0 150 0 300 0 200 0 500 0 0 0 60
880 60 570 60 840 90 2410 150 3500 300 4700 200 4990 500 270 100 270 100 0 50 0 0 0 0 0 60 0 90 0 150 0 300 0 200 0 500 0 0 0 60
877 60 570 60 840 90 2410 150 3500 300 4700 200 4990 500 270 100 270 100 0 50 0 0 0 0 0 60 0 90 0 150 0 300 0 200 0 500 0 0 0 60
874 60 570 60 840 90 2410 150 3500 300 4700 200 4990 500 270 100 270 100 0 50 0 0 0 0 0 60 0 90 0 150 0 300 0 200 0 500 0 0 0 60
871 60 570 60 840 90 2410 150 3500 300 4700 200 4990 500 270 100 270 100 0 50 0 0 0 0 0 60 0 90 0 150 0 300 0 200 0 500 0 0 0 60
868 60 570 60 840 90 2410 150 3500 300 4700 200 4990 500 270 100 270 100 0 50 0 0 0 0 0 60 0 90 0 150 0 300 0 200 0 500 0 0 0 60
865 60 570 60 840 90 2410 150 3500 300 4700 200 4990 500 270 100 270 100 0 50 0 0 0 0 0 60 0 90 0 150 0 300 0 200 0 500 0 0 0 60
862 60 570 60 840 90 2410 150 3500 300 4700 200 4990 500 270 100 270 100 0 51 0 0 0 0 0 60 0 90 0 150 0 300 0 200 0 500 0 0 0 60
859 60 570 60 840 90 2410 150 3500 300 4700 200 4990 500 270 100 270 100 0 51 0 0 0 0 0 60 0 90 0 150 0 300 0 200 0 500 0 0 0 60
856 60 570 60 840 90 2410 150 3500 300 4700 200 4990 500 270 100 270 100 0 51 0 0 0 0 0 60 0 90 0 150 0 300 0 200 0 500 0 0 0 60
853 60 570 60 840 90 2410 150 3500 300 4700 200 4990 500 270 100 270 100 0 51 0 0 0 0 0 60 0 90 0 150 0 300 0 200 0 500 0 0 0 60
850 55 280 60 1000 150 2300 150 3500 300 4700 200 4990 500 450 100 270 100 0 51 0 0 0 0 0 60 0 150 0 150 0 300 0 200 0 500 0 0 0 60
850 55 280 60 1000 150 2300 150 3500 300 4700 200 4990 500 450 100 270 100 0 51 0 0 0 0 0 60 0 150 0 150 0 300 0 200 0 500 0 0 0 60
850 55 280 60 1000 150 2300 150 3500 300 4700 200 4990 500 450 100 270 100 0 51 0 0 0 0 0 60 0 150 0 150 0 300 0 200 0 500 0 0 0 60
850 55 280 60 1000 150 2300 150 3500 300 4700 200 4990 500 450 100 270 100 0 51 0 0 0 0 0 60 0 150 0 150 0 300 0 200 0 500 0 0 0 60
850 55 280 60 1000 150 2300 150 3500 300 4700 200 4990 500 450 100 270 100 0 51 0 0 0 0 0 60 0 150 0 150 0 300 0 200 0 500 0 0 0 60
850 55 280 60 1000 150 2300 150 3500 300 4700 200 4990 500 450 100 270 100 0 51 0 0 0 0 0 60 0 150 0 150 0 300 0 200 0 500 0 0 0 60
850 55 280 60 1000 150 2300 150 3500 300 4700 200 4990 500 450 100 270 100 0 51 0 0 0 0 0 60 0 150 0 150 0 300 0 200 0 500 0 0 0 60
850 55 280 60 1000 150 2300 150 3500 300 4700 200 4990 500 450 100 270 100 0 51 0 0 0 0 0 60 0 150 0 150 0 300 0 200 0 500 0 0 0 60
850 55 280 60 1000 150 2300 150 3500 300 4700 200 4990 500 450 100 270 100 0 51 0 0 0 0 0 60 0 150 0 150 0 300 0 200 0 500 0 0 0 60
850 55 280 60 1000 150 2300 150 3500 300 4700 200 4990 500 450 100 270 100 0 51 0 0 0 0 0 60 0 150 0 150 0 300 0 200 0 500 0 0 0 60
850 55 280 60 1000 150 2300 150 3500 300 4700 200 4990 500 450 100 270 100 0 51 0 0 0 0 0 60 0 150 0 150 0 300 0 200 0 500 0 0 0 60
850 55 280 60 1000 150 2300 150 3500 300 4700 200 4990 500 450 100 270 100 0 51 0 0 0 0 0 60 0 150 0 150 0 300 0 200 0 500 0 0 0 60
850 55 280 60 1000 150 2300 150 3500 300 4700 200 4990 500 450 100 270 100 0 51 0 0 0 0 0 60 0 150 0 150 0 300 0 200 0 500 0 0 0 60
850 55 280 60 1000 150 2300 150 3500 300 4700 200 4990 500 450 100 270 100 0 51 0 0 0 0 0 60 0 150 0 150 0 300 0 200 0 500 0 0 0 60
850 55 280 60 1000 150 2300 150 3500 300 4700 200 4990 500 450 100 270 100 0 51 0 0 0 0 0 60 0 150 0 150 0 300 0 200 0 500 0 0 0 60
850 55 280 60 1000 150 2300 150 3500 300 4700 200 4990 500 450 100 270 100 0 51 0 0 0 0 0 60 0 150 0 150 0 300 0 200 0 500 0 0 0 60
850 55 280 60 1000 150 2300 150 3500 300 4700 200 4990 500 450 100 270 100 0 51 0 0 0 0 0 60 0 150 0 150 0 300 0 200 0 500 0 0 0 60
850 55 280 60 1000 150 2300 150 3500 300 4700 200 4990 500 450 100 270 100 0 51 0 0 0 0 0 60 0 150 0 150 0 300 0 200 0 500 0 0 0 60
850 55 280 60 1000 150 2300 150 3500 300 4700 200 4990 500 450 100 270 100 0 51 0 0 0 0 0 60 0 150 0 150 0 300 0 200 0 500 0 0 0 60
850 55 280 60 1000 150 2300 150 3500 300 4700 200 4990 500 450 100 270 100 0 51 0 0 0 0 0 60 0 150 0 150 0 300 0 200 0 500 0 0 0 60
850 50 280 60 1600 90 2560 150 3500 300 4700 200 4990 500 270 100 270 100 0 51 30 6 45 0 40 60 25 90 20 150 20 300 15 200 10 500 0 20 45 60
850 50 280 60 1600 90 2560 150 3500 300 4700 200 4990 500 270 100 270 100 0 51 30 6 45 0 40 60 25 90 20 150 20 300 15 200 10 500 0 20 45 60
850 50 280 60 1600 90 2560 150 3500 300 4700 200 4990 500 270 100 270 100 0 51 30 6 45 0 40 60 25 90 20 150 20 300 15 200 10 500 0 20 45 60
850 50 280 60 1600 90 2560 150 3500 300 4700 200 4990 500 270 100 270 100 0 51 30 6 45 0 40 60 25 90 20 150 20 300 15 200 10 500 0 20 45 60
850 50 280 60 1600 90 2560 150 3500 300 4700 200 4990 500 270 100 270 100 0 51 30 6 45 0 40 60 25 90 20 150 20 300 15 200 10 500 0 20 45 60
850 50 280 60 1600 90 2560 150 3500 300 4700 200 4990 500 270 100 270 100 0 51 30 6 45 0 40 60 25 90 20 150 20 300 15 200 10 500 0 20 45 60
850 50 280 60 1600 90 2560 150 3500 300 4700 200 4990 500 270 100 270 100 0 51 30 6 45 0 40 60 25 90 20 150 20 300 15 200 10 500 0 20 45 60
850 50 280 60 1600 90 2560 150 3500 300 4700 200 4990 500 270 100 270 100 0 51 30 6 45 0 40 60 25 90 20 150 20 300 15 200 10 500 0 20 45 60
850 50 280 60 1600 90 2560 150 3500 300 4700 200 4990 500 270 100 270 100 0 51 30 6 45 0 40 60 25 90 20 150 20 300 15 200 10 500 0 20 45 60
850 50 280 60 1600 90 2560 150 3500 300 4700 200 4990 500 270 100 270 100 0 51 30 6 45 0 40 60 25 90 20 150 20 300 15 200 10 500 0 20 45 60
850 50 280 60 1600 90 2560 150 3500 300 4700 200 4990 500 270 100 270 100 0 51 30 6 45 0 40 60 25 90 20 150 20 300 15 200 10 500 0 20 45 60
850 50 280 60 1600 90 2560 150 3500 300 4700 200 4990 500 270 100 270 100 0 51 30 6 45 0 40 60 25 90 20 150 20 300 15 200 10 500 0 20 45 60
850 50 280 60 1600 90 2560 150 3500 300 4700 200 4990 500 270 100 270 100 0 51 30 6 45 0 40 60 25 90 20 150 20 300 15 200 10 500 0 20 45 60
850 50 280 60 1600 90 2560 150 3500 300 4700 200 4990 500 270 100 270 100 0 51 30 6 45 0 40 60 25 90 20 150 20 300 15 200 10 500 0 20 45 60
850 50 280 60 1600 90 2560 150 3500 300 4700 200 4990 500 270 100 270 100 0 51 30 6 45 0 40 60 25 90 20 150 20 300 15 200 10 500 0 20 45 60
850 50 280 60 1600 90 2560 150 3500 300 4700 200 4990 500 270 100 270 100 0 51 30 6 45 0 40 60 25 90 20 150 20 300 15 200 10 500 0 20 45 60
850 50 280 60 1600 90 2560 150 3500 300 4700 200 4990 500 270 100 270 100 0 51 30 6 45 0 40 60 25 90 20 150 20 300 15 200 10 500 0 20 45 60
850 50 280 60 1600 90 2560 150 3500 300 4700 200 4990 500 270 100 270 100 0 51 30 6 45 0 40 60 25 90 20 150 20 300 15 200 10 500 0 20 45 60
850 50 280 60 1600 90 2560 150 3500 300 4700 200 4990 500 270 100 270 100 0 51 30 6 45 0 40 60 25 90 20 150 20 300 15 200 10 500 0 20 45 60
850 50 280 60 1600 90 2560 150 3500 300 4700 200 4990 500 270 100 270 100 0 51 30 6 45 0 40 60 25 90 20 150 20 300 15 200 10 500 0 20 45 60
0 0 400 200 1720 100 2620 220 3500 300 4700 200 4990 500 270 100 270 100 0 30 0 0 60 0 0 200 26 100 18 220 26 300 30 200 30 500 0 0 0 60
0 0 400 200 1720 100 2620 220 3500 300 4700 200 4990 500 270 100 270 100 0 30 0 0 60 0 0 200 26 100 18 220 26 300 30 200 30 500 0 0 0 60
0 0 400 200 1720 100 2620 220 3500 300 4700 200 4990 500 270 100 270 100 0 30 0 0 60 0 0 200 26 100 18 220 26 300 30 200 30 500 0 0 0 60
0 0 400 200 1720 100 2620 220 3500 300 4700 200 4990 500 270 100 270 100 0 30 0 0 60 0 0 200 26 100 18 220 26 300 30 200 30 500 0 0 0 60
0 0 400 200 1720 100 2620 220 3500 300 4700 200 4990 500 270 100 270 100 0 30 0 0 60 0 0 200 26 100 18 220 26 300 30 200 30 500 0 0 0 60
0 0 400 200 1720 100 2620 220 3500 300 4700 200 4990 500 270 100 270 100 0 30 0 0 60 0 0 200 26 100 18 220 26 300 30 200 30 500 0 0 0 60
0 0 400 200 1720 100 2620 220 3500 300 4700 200 4990 500 270 100 270 100 0 30 0 0 60 0 0 200 26 100 18 220 26 300 30 200 30 500 0 0 0 60
0 0 400 200 1720 100 2620 220 3500 300 4700 200 4990 500 270 100 270 100 0 30 0 0 60 0 0 200 26 100 18 220 26 300 30 200 30 500 0 0 0 60
0 0 400 200 1720 100 2620 220 3500 300 4700 200 4990 500 270 100 270 100 0 30 0 0 60 0 0 200 26 100 18 220 26 300 30 200 30 500 0 0 0 60
0 0 400 200 1720 100 2620 220 3500 300 4700 200 4990 500 270 100 270 100 0 30 0 0 60 0 0 200 26 100 18 220 26 300 30 200 30 500 0 0 0 60
0 0 400 200 1720 100 2620 220 3500 300 4700 200 4990 500 270 100 270 100 0 30 0 0 60 0 0 200 26 100 18 220 26 300 30 200 30 500 0 0 0 60
0 0 400 200 1720 100 2620 220 3500 300 4700 200 4990 500 270 100 270 100 0 30 0 0 60 0 0 200 26 100 18 220 26 300 30 200 30 500 0 0 0 60
0 0 400 200 1720 100 2620 220 3500 300 4700 200 4990 500 270 100 270 100 0 30 0 0 60 0 0 200 26 100 18 220 26 300 30 200 30 500 0 0 0 60
0 0 400 200 1720 100 2620 220 3500 300 4700 200 4990 500 270 100 270 100 0 30 0 0 60 0 0 200 26 100 18 220 26 300 30 200 30 500 0 0 0 60
0 0 400 200 1720 100 2620 220 3500 300 4700 200 4990 500 270 100 270 100 0 30 0 0 60 0 0 200 26 100 18 220 26 300 30 200 30 500 0 0 0 60
0 0 400 200 1720 100 2620 220 3500 300 4700 200 4990 500 270 100 270 100 0 30 0 0 60 0 0 200 26 100 18 220 26 300 30 200 30 500 0 0 0 60
0 0 400 200 1720 100 2620 220 3500 300 4700 200 4990 500 270 100 270 100 0 30 0 0 60 0 0 200 26 100 18 220 26 300 30 200 30 500 0 0 0 60
0 0 400 200 1720 100 2620 220 3500 300 4700 200 4990 500 270 100 270 100 0 30 0 0 60 0 0 200 26 100 18 220 26 300 30 200 30 500 0 0 0 60
0 0 400 200 1720 100 2620 220 3500 300 4700 200 4990 500 270 100 270 100 0 30 0 0 60 0 0 200 26 100 18 220 26 300 30 200 30 500 0 0 0 60
0 0 400 200 1720 100 2620 220 3500 300 4700 200 4990 500 270 100 270 100 0 30 0 0 60 0 0 200 26 100 18 220 26 300 30 200 30 500 0 0 0 60
0 0 400 200 1720 100 2620 220 3500 300 4700 200 4990 500 270 100 270 100 0 30 0 0 60 0 0 200 26 100 18 220 26 300 30 200 30 500 0 0 0 60
0 0 400 200 1720 100 2620 220 3500 300 4700 200 4990 500 270 100 270 100 0 30 0 0 60 0 0 200 26 100 18 220 26 300 30 200 30 500 0 0 0 60
0 0 400 200 1720 100 2620 220 3500 300 4700 200 4990 500 270 100 270 100 0 30 0 0 60 0 0 200 26 100 18 220 26 300 30 200 30 500 0 0 0 60
0 0 400 200 1720 100 2620 220 3500 300 4700 200 4990 500 270 100 270 100 0 30 0 0 60 0 0 200 26 100 18 220 26 300 30 200 30 500 0 0 0 60
0 0 400 200 1720 100 2620 220 3500 300 4700 200 4990 500 270 100 270 100 0 30 0 0 60 0 0 200 26 100 18 220 26 300 30 200 30 500 0 0 0 60
0 0 500 60 1500 90 2500 150 3500 300 4700 200 4990 500 270 100 270 100 0 30 0 0 60 0 0 60 45 90 33 150 25 300 0 200 0 500 0 0 0 60
0 0 500 60 1500 90 2500 150 3500 300 4700 200 4990 500 270 100 270 100 0 30 0 0 60 0 0 60 45 90 33 150 25 300 0 200 0 500 0 0 0 60
0 0 500 60 1500 90 2500 150 3500 300 4700 200 4990 500 270 100 270 100 0 30 0 0 60 0 0 60 45 90 33 150 25 300 0 200 0 500 0 0 0 60
0 0 500 60 1500 90 2500 150 3500 300 4700 200 4990 500 270 100 270 100 40 30 0 0 0 0 0 60 0 90 0 150 0 300 0 200 0 500 0 0 0 60
0 0 500 60 1500 90 2500 150 3500 300 4700 200 4990 500 270 100 270 100 40 30 0 0 0 0 0 60 0 90 0 150 0 300 0 200 0 500 0 0 0 60
0 0 500 60 1500 90 2500 150 3500 300 4700 200 4990 500 270 100 270 100 40 30 0 0 0 0 0 60 0 90 0 150 0 300 0 200 0 500 0 0 0 60
0 0 500 60 1500 90 2500 150 3500 300 4700 200 4990 500 270 100 270 100 40 30 0 0 0 0 0 60 0 90 0 150 0 300 0 200 0 500 0 0 0 60
0 0 500 60 1500 90 2500 150 3500 300 4700 200 4990 500 270 100 270 100 40 30 0 0 0 0 0 60 0 90 0 150 0 300 0 200 0 500 0 0 0 60
0 0 500 60 1500 90 2500 150 3500 300 4700 200 4990 500 270 100 270 100 40 30 0 0 0 0 0 60 0 90 0 150 0 300 0 200 0 500 0 0 0 60
850 60 660 60 1720 90 2410 150 3500 300 4700 200 4990 500 270 100 270 100 0 51 0 0 0 4 0 60 0 90 0 150 0 300 0 200 0 500 0 0 0 60
848 60 660 60 1720 90 2410 150 3500 300 4700 200 4990 500 270 100 270 100 0 52 0 0 0 4 0 60 0 90 0 150 0 300 0 200 0 500 0 0 0 60
846 60 660 60 1720 90 2410 150 3500 300 4700 200 4990 500 270 100 270 100 0 52 0 0 0 4 0 60 0 90 0 150 0 300 0 200 0 500 0 0 0 60
844 60 660 60 1720 90 2410 150 3500 300 4700 200 4990 500 270 100 270 100 0 52 0 0 0 4 0 60 0 90 0 150 0 300 0 200 0 500 0 0 0 60
842 60 660 60 1720 90 2410 150 3500 300 4700 200 4990 500 270 100 270 100 0 52 0 0 0 4 0 60 0 90 0 150 0 300 0 200 0 500 0 0 0 60
840 60 660 60 1720 90 2410 150 3500 300 4700 200 4990 500 270 100 270 100 0 52 0 0 0 4 0 60 0 90 0 150 0 300 0 200 0 500 0 0 0 60
838 60 660 60 1720 90 2410 150 3500 300 4700 200 4990 500 270 100 270 100 0 52 0 0 0 4 0 60 0 90 0 150 0 300 0 200 0 500 0 0 0 60
836 60 660 60 1720 90 2410 150 3500 300 4700 200 4990 500 270 100 270 100 0 52 0 0 0 4 0 60 0 90 0 150 0 300 0 200 0 500 0 0 0 60
834 60 660 60 1720 90 2410 150 3500 300 4700 200 4990 500 270 100 270 100 0 52 0 0 0 4 0 60 0 90 0 150 0 300 0 200 0 500 0 0 0 60
832 60 660 60 1720 90 2410 150 3500 300 4700 200 4990 500 270 100 270 100 0 53 0 0 0 4 0 60 0 90 0 150 0 300 0 200 0 500 0 0 0 60
830 60 660 60 1720 90 2410 150 3500 300 4700 200 4990 500 270 100 270 100 0 53 0 0 0 4 0 60 0 90 0 150 0 300 0 200 0 500 0 0 0 60
828 60 660 60 1720 90 2410 150 3500 300 4700 200 4990 500 270 100 270 100 0 53 0 0 0 4 0 60 0 90 0 150 0 300 0 200 0 500 0 0 0 60
826 60 660 60 1720 90 2410 150 3500 300 4700 200 4990 500 270 100 270 100 0 53 0 0 0 4 0 60 0 90 0 150 0 300 0 200 0 500 0 0 0 60
824 60 660 60 1720 90 2410 150 3500 300 4700 200 4990 500 270 100 270 100 0 53 0 0 0 4 0 60 0 90 0 150 0 300 0 200 0 500 0 0 0 60
822 60 660 60 1720 90 2410 150 3500 300 4700 200 4990 500 270 100 270 100 0 53 0 0 0 4 0 60 0 90 0 150 0 300 0 200 0 500 0 0 0 60
820 60 660 60 1720 90 2410 150 3500 300 4700 200 4990 500 270 100 270 100 0 53 0 0 0 4 0 60 0 90 0 150 0 300 0 200 0 500 0 0 0 60
818 60 660 60 1720 90 2410 150 3500 300 4700 200 4990 500 270 100 270 100 0 53 0 0 0 4 0 60 0 90 0 150 0 300 0 200 0 500 0 0 0 60
816 60 660 60 1720 90 2410 150 3500 300 4700 200 4990 500 270 100 270 100 0 54 0 0 0 4 0 60 0 90 0 150 0 300 0 200 0 500 0 0 0 60
814 60 660 60 1720 90 2410 150 3500 300 4700 200 4990 500 270 100 270 100 0 54 0 0 0 4 0 60 0 90 0 150 0 300 0 200 0 500 0 0 0 60
812 60 660 60 1720 90 2410 150 3500 300 4700 200 4990 500 270 100 270 100 0 54 0 0 0 4 0 60 0 90 0 150 0 300 0 200 0 500 0 0 0 60
810 60 660 60 1720 90 2410 150 3500 300 4700 200 4990 500 270 100 270 100 0 54 0 0 0 4 0 60 0 90 0 150 0 300 0 200 0 500 0 0 0 60
808 60 660 60 1720 90 2410 150 3500 300 4700 200 4990 500 270 100 270 100 0 54 0 0 0 4 0 60 0 90 0 150 0 300 0 200 0 500 0 0 0 60
806 60 660 60 1720 90 2410 150 3500 300 4700 200 4990 500 270 100 270 100 0 54 0 0 0 4 0 60 0 90 0 150 0 300 0 200 0 500 0 0 0 60
804 60 660 60 1720 90 2410 150 3500 300 4700 200 4990 500 270 100 270 100 0 54 0 0 0 4 0 60 0 90 0 150 0 300 0 200 0 500 0 0 0 60
802 60 660 60 1720 90 2410 150 3500 300 4700 200 4990 500 270 100 270 100 0 54 0 0 0 4 0 60 0 90 0 150 0 300 0 200 0 500 0 0 0 60
800 60 660 60 1720 90 2410 150 3500 300 4700 200 4990 500 270 100 270 100 0 55 0 0 0 4 0 60 0 90 0 150 0 300 0 200 0 500 0 0 0 60
798 60 660 60 1720 90 2410 150 3500 300 4700 200 4990 500 270 100 270 100 0 55 0 0 0 4 0 60 0 90 0 150 0 300 0 200 0 500 0 0 0 60
796 60 660 60 1720 90 2410 150 3500 300 4700 200 4990 500 270 100 270 100 0 55 0 0 0 4 0 60 0 90 0 150 0 300 0 200 0 500 0 0 0 60
794 60 660 60 1720 90 2410 150 3500 300 4700 200 4990 500 270 100 270 100 0 55 0 0 0 4 0 60 0 90 0 150 0 300 0 200 0 500 0 0 0 60
792 60 660 60 1720 90 2410 150 3500 300 4700 200 4990 500 270 100 270 100 0 55 0 0 0 4 0 60 0 90 0 150 0 300 0 200 0 500 0 0 0 60
0 0 500 60 1500 90 2500 150 3500 300 4700 200 4990 500 270 100 270 100 0 30 0 0 0 0 0 60 0 90 0 150 0 300 0 200 0 500 0 0 0 60
0 0 500 60 1500 90 2500 150 3500 300 4700 200 4990 500 270 100 270 100 0 30 0 0 0 0 0 60 0 90 0 150 0 300 0 200 0 500 0 0 0 60
0 0 500 60 1500 90 2500 150 3500 300 4700 200 4990 500 270 100 270 100 0 30 0 0 0 0 0 60 0 90 0 150 0 300 0 200 0 500 0 0 0 60
0 0 500 60 1500 90 2500 150 3500 300 4700 200 4990 500 270 100 270 100 0 30 0 0 0 0 0 60 0 90 0 150 0 300 0 200 0 500 0 0 0 60
0 0 500 60 1500 90 2500 150 3500 300 4700 200 4990 500 270 100 270 100 0 30 0 0 0 0 0 60 0 90 0 150 0 300 0 200 0 500 0 0 0 60
0 0 500 60 1500 90 2500 150 3500 300 4700 200 4990 500 270 100 270 100 0 30 0 0 0 0 0 60 0 90 0 150 0 300 0 200 0 500 0 0 0 60
0 0 500 60 1500 90 2500 150 3500 300 4700 200 4990 500 270 100 270 100 0 30 0 0 0 0 0 60 0 90 0 150 0 300 0 200 0 500 0 0 0 60
0 0 500 60 1500 90 2500 150 3500 300 4700 200 4990 500 270 100 270 100 0 30 0 0 0 0 0 60 0 90 0 150 0 300 0 200 0 500 0 0 0 60
0 0 500 60 1500 90 2500 150 3500 300 4700 200 4990 500 270 100 270 100 0 30 0 0 0 0 0 60 0 90 0 150 0 300 0 200 0 500 0 0 0 60
0 0 500 60 1500 90 2500 150 3500 300 4700 200 4990 500 270 100 270 100 0 30 0 0 0 0 0 60 0 90 0 150 0 300 0 200 0 500 0 0 0 60
